{
  "selected_tag": "",
  "bin_dump_file": "",
  "mission_settings": {
    "atmosphere": {
      "pressure": 760.0,
      "temperature": 15.0
    },
    "player": [
      {
        "army": 1
      },
      {
        "wing": "player_tank01"
      },
      {
        "wing": "player_tank02"
      },
      {
        "wing": "player_tank03"
      },
      {
        "wing": "player_tank04"
      },
      {
        "wing": "player_tank05"
      },
      {
        "wing": "player_tank06"
      },
      {
        "wing": "player_tank07"
      },
      {
        "wing": "player_tank08"
      },
      {
        "wing": "player_tank09"
      }
    ],
    "player_teamB": {
      "army": 2
    },
    "mission": {
      "name": "battle_for_survival_8_players_PvE",
      "level": "levels/avg_mozdok.bin",
      "type": "domination",
      "restoreType": "attempts",
      "optionalTakeOff": false,
      "campaign": "eastern",
      "environment": "Day",
      "weather": "hazy",
      "missionDebriefing": "",
      "missionBriefing": "",
      "nameKillStreaks": "killStreaks_survival_event",
      "chapter": "hidden",
      "gt_mp_tickets": true,
      "gt_mp_capture": true,
      "gt_reload_explosives": false,
      "timeLimit": 60,
      "deathPenaltyMul": 0.0,
      "ctaCaptureZoneEqualPenaltyMul": 0.0,
      "useAlternativeMapCoord": false,
      "remapAiTankModels": false,
      "allowEmptyTeams": true,
      "country_axis": "germany",
      "country_allies": "ussr",
      "forceSkiesInitialRandomSeed": true,
      "skiesInitialRandomSeed": 33,
      "tags": [],
      "missionType": {
        "_Dom": false,
        "_Conq": false,
        "_Bttl": false,
        "_Bto": false,
        "_Flc": false,
        "_v1_race_straight": false,
        "_v1_race_inverted": false,
        "_v2_race_straight": false,
        "_v2_race_inverted": false,
        "_Conq1": false,
        "_Conq2": false,
        "_Conq3": false,
        "_Conq4": false,
        "_Conq5": false,
        "_Conq6": false,
        "_DBttl": false,
        "_CnvA": false,
        "_CnvB": false,
        "_DBttlA": false,
        "_DBttlB": false,
        "_ArtDA": false,
        "_ArtDB": false
      },
      "customWeather": {
        "windDir": [0.6,0.8],
        "wind_scale": 1.0,
        "max_wind_strength": 6.0,
        "sky": {
          "mie_height": 0.5,
          "mieG": 0.5,
          "betaMScale": 0.7,
          "clouds_overcast": 0.2
        },
        "clouds_gen": {
          "humidity": 0.1,
          "persistence": 0.66,
          "asymmetry": 0.4
        },
        "clouds_position": {
          "start_altitude": 1.0,
          "thickness": 4.5,
          "light_extinction": 0.2,
          "amb_extinction_mul": 0.2
        },
        "clouds_render": {
          "silver_lining": 1.0,
          "sun_light": 1.5,
          "ambient": 1.5,
          "silver_lining_eccentricity": 0.6
        },
        "strata_clouds": {
          "amount": 0.5,
          "altitude": 11.0
        },
        "rain": {
          "rainFromInvisibleClouds": false,
          "probability": 0.0
        }
      }
    },
    "spectator_points": [],
    "cover_points": [],
    "aiParams": {
      "aiEffectivenessViscosity": 90.0,
      "effectivenessDistances": [2500.0,7000.0]
    }
  },
  "imports": [],
  "triggers": {
    "isCategory": true,
    "is_enabled": true
  },
  "mission_objectives": {
    "isCategory": true,
    "is_enabled": true
  },
  "variables": [],
  "dialogs": [],
  "airfields": [],
  "effects": [],
  "units": [
    {
      "tankModels": {
        "name": "w1_tanks01_light",
        "tm": [
          [-0.110282,0.0,-0.9939],
          [0.0,1.0,0.0],
          [0.9939,0.0,-0.110282],
          [2500.08,272.529,1820.99]
        ],
        "unit_class": "us_t92",
        "objLayer": 1,
        "closed_waypoints": false,
        "isShipSpline": false,
        "shipTurnRadius": 100.0,
        "wayPoints": "direction02_01",
        "weapons": "",
        "bullets0": "",
        "bullets1": "",
        "bullets2": "",
        "bullets3": "",
        "bulletsCount0": 100,
        "bulletsCount1": 0,
        "bulletsCount2": 0,
        "bulletsCount3": 0,
        "props": {
          "army": 2,
          "count": 16,
          "formation_type": "rows",
          "formation_div": 4,
          "formation_step": [5.0,3.0],
          "formation_noise": [0.9,0.1],
          "uniqueName": "",
          "attack_type": "fire_at_will"
        },
        "way": []
      }
    },
    {
      "tankModels": {
        "name": "w1_tanks02_med",
        "tm": [
          [-0.717405,0.0,-0.696654],
          [0.0,1.0,0.0],
          [0.696654,0.0,-0.717405],
          [1571.24,286.813,2603.21]
        ],
        "unit_class": "us_m46_patton",
        "objLayer": 1,
        "closed_waypoints": false,
        "isShipSpline": false,
        "shipTurnRadius": 100.0,
        "wayPoints": "direction01_02",
        "weapons": "",
        "bullets0": "",
        "bullets1": "",
        "bullets2": "",
        "bullets3": "",
        "bulletsCount0": 100,
        "bulletsCount1": 0,
        "bulletsCount2": 0,
        "bulletsCount3": 0,
        "props": {
          "army": 2,
          "count": 16,
          "formation_type": "rows",
          "formation_div": 4,
          "formation_step": [5.0,3.0],
          "formation_noise": [0.9,0.1],
          "uniqueName": "",
          "attack_type": "fire_at_will"
        },
        "way": []
      }
    },
    {
      "squad": {
        "name": "wave01",
        "tm": [
          [-0.99927,0.0,-0.0381865],
          [0.0,1.0,0.0],
          [0.0381865,0.0,-0.99927],
          [8364.17,784.35,135.607]
        ],
        "props": [
          {
            "squad_members": "w1_tanks01_light"
          },
          {
            "squad_members": "w1_tanks02_med"
          }
        ]
      }
    },
    {
      "squad": {
        "name": "all_enemy_units",
        "tm": [
          [-0.99927,0.0,-0.0381865],
          [0.0,1.0,0.0],
          [0.0381865,0.0,-0.99927],
          [8425.57,139.5,825.159]
        ],
        "props": [
          {
            "squad_members": "wave01"
          },
          {
            "squad_members": "wave02"
          },
          {
            "squad_members": "wave03"
          },
          {
            "squad_members": "wave04"
          },
          {
            "squad_members": "wave05"
          },
          {
            "squad_members": "wave06"
          },
          {
            "squad_members": "wave07"
          },
          {
            "squad_members": "wave08"
          },
          {
            "squad_members": "wave09"
          },
          {
            "squad_members": "wave10"
          },
          {
            "squad_members": "wave11"
          },
          {
            "squad_members": "wave12"
          }
        ]
      }
    },
    {
      "tankModels": {
        "name": "w5_tanks01_med",
        "tm": [
          [-0.673033,0.0,0.739614],
          [0.0,1.0,0.0],
          [-0.739614,0.0,-0.673033],
          [1755.4,300.152,819.084]
        ],
        "unit_class": "us_m46_patton",
        "objLayer": 1,
        "closed_waypoints": false,
        "isShipSpline": false,
        "shipTurnRadius": 100.0,
        "wayPoints": "direction03_01",
        "weapons": "",
        "bullets0": "",
        "bullets1": "",
        "bullets2": "",
        "bullets3": "",
        "bulletsCount0": 100,
        "bulletsCount1": 0,
        "bulletsCount2": 0,
        "bulletsCount3": 0,
        "props": {
          "army": 2,
          "count": 16,
          "formation_type": "rows",
          "formation_div": 4,
          "formation_step": [5.0,3.0],
          "formation_noise": [0.9,0.1],
          "uniqueName": "",
          "attack_type": "fire_at_will"
        },
        "way": []
      }
    },
    {
      "tankModels": {
        "name": "w5_tanks02_med",
        "tm": [
          [-0.753704,0.0,-0.657216],
          [0.0,1.0,0.0],
          [0.657216,0.0,-0.753704],
          [2443.64,290.378,2249.95]
        ],
        "unit_class": "us_m46_patton",
        "objLayer": 1,
        "closed_waypoints": false,
        "isShipSpline": false,
        "shipTurnRadius": 100.0,
        "wayPoints": "direction01_01",
        "weapons": "",
        "bullets0": "",
        "bullets1": "",
        "bullets2": "",
        "bullets3": "",
        "bulletsCount0": 100,
        "bulletsCount1": 0,
        "bulletsCount2": 0,
        "bulletsCount3": 0,
        "props": {
          "army": 2,
          "count": 16,
          "formation_type": "rows",
          "formation_div": 4,
          "formation_step": [5.0,3.0],
          "formation_noise": [0.9,0.1],
          "uniqueName": "",
          "attack_type": "fire_at_will"
        },
        "way": []
      }
    },
    {
      "tankModels": {
        "name": "w5_tanks03_med",
        "tm": [
          [0.936386,0.0,-0.350971],
          [0.0,1.0,0.0],
          [0.350971,0.0,0.936386],
          [995.941,296.625,2238.59]
        ],
        "unit_class": "us_m46_patton",
        "objLayer": 1,
        "closed_waypoints": false,
        "isShipSpline": false,
        "shipTurnRadius": 100.0,
        "wayPoints": "direction02_02",
        "weapons": "",
        "bullets0": "",
        "bullets1": "",
        "bullets2": "",
        "bullets3": "",
        "bulletsCount0": 100,
        "bulletsCount1": 0,
        "bulletsCount2": 0,
        "bulletsCount3": 0,
        "props": {
          "army": 2,
          "count": 16,
          "formation_type": "rows",
          "formation_div": 4,
          "formation_step": [5.0,3.0],
          "formation_noise": [0.9,0.1],
          "uniqueName": "",
          "attack_type": "fire_at_will"
        },
        "way": []
      }
    },
    {
      "squad": {
        "name": "wave04",
        "tm": [
          [-0.99927,0.0,-0.0381865],
          [0.0,1.0,0.0],
          [0.0381865,0.0,-0.99927],
          [8509.86,784.1,887.899]
        ],
        "props": [
          {
            "squad_members": "w4_tanks01_med"
          },
          {
            "squad_members": "w4_tanks02_med"
          },
          {
            "squad_members": "w4_tanks03_med"
          }
        ]
      }
    },
    {
      "tankModels": {
        "name": "w8_tanks01_med",
        "tm": [
          [-0.88767,0.0,0.460481],
          [0.0,1.0,0.0],
          [-0.460481,0.0,-0.88767],
          [2488.37,346.29,1016.07]
        ],
        "unit_class": "us_m46_patton",
        "objLayer": 1,
        "closed_waypoints": false,
        "isShipSpline": false,
        "shipTurnRadius": 100.0,
        "wayPoints": "direction04_01",
        "weapons": "",
        "bullets0": "",
        "bullets1": "",
        "bullets2": "",
        "bullets3": "",
        "bulletsCount0": 100,
        "bulletsCount1": 0,
        "bulletsCount2": 0,
        "bulletsCount3": 0,
        "props": {
          "army": 2,
          "count": 16,
          "formation_type": "rows",
          "formation_div": 4,
          "formation_step": [5.0,3.0],
          "formation_noise": [0.9,0.1],
          "uniqueName": "",
          "attack_type": "fire_at_will"
        },
        "way": []
      }
    },
    {
      "tankModels": {
        "name": "w8_tanks02_med_heavy",
        "tm": [
          [0.816434,0.0,-0.577439],
          [0.0,1.0,0.0],
          [0.577439,0.0,0.816434],
          [1000.73,297.287,2237.82]
        ],
        "unit_class": "us_m47_patton_II",
        "objLayer": 1,
        "closed_waypoints": false,
        "isShipSpline": false,
        "shipTurnRadius": 100.0,
        "wayPoints": "direction02_02",
        "weapons": "",
        "bullets0": "",
        "bullets1": "",
        "bullets2": "",
        "bullets3": "",
        "bulletsCount0": 100,
        "bulletsCount1": 0,
        "bulletsCount2": 0,
        "bulletsCount3": 0,
        "props": {
          "army": 2,
          "count": 16,
          "formation_type": "rows",
          "formation_div": 4,
          "formation_step": [5.0,3.0],
          "formation_noise": [0.9,0.1],
          "uniqueName": "",
          "attack_type": "fire_at_will"
        },
        "way": []
      }
    },
    {
      "squad": {
        "name": "wave09",
        "tm": [
          [-0.99927,0.0,-0.0381865],
          [0.0,1.0,0.0],
          [0.0381865,0.0,-0.99927],
          [8509.75,823.5,1449.21]
        ],
        "props": [
          {
            "squad_members": "w9_tanks01_med"
          },
          {
            "squad_members": "w9_tanks02_med"
          },
          {
            "squad_members": "w9_tanks03_med_heavy"
          },
          {
            "squad_members": "w9_tanks04_med_heavy"
          }
        ]
      }
    },
    {
      "tankModels": {
        "name": "w10_tanks01_med_heavy",
        "tm": [
          [-0.951916,0.0,0.306361],
          [0.0,1.0,0.0],
          [-0.306361,0.0,-0.951916],
          [2488.95,346.201,1014.65]
        ],
        "unit_class": "us_m47_patton_II",
        "objLayer": 1,
        "closed_waypoints": false,
        "isShipSpline": false,
        "shipTurnRadius": 100.0,
        "wayPoints": "direction04_01",
        "weapons": "",
        "bullets0": "",
        "bullets1": "",
        "bullets2": "",
        "bullets3": "",
        "bulletsCount0": 100,
        "bulletsCount1": 0,
        "bulletsCount2": 0,
        "bulletsCount3": 0,
        "props": {
          "army": 2,
          "count": 16,
          "formation_type": "rows",
          "formation_div": 4,
          "formation_step": [5.0,3.0],
          "formation_noise": [0.9,0.1],
          "uniqueName": "",
          "attack_type": "fire_at_will"
        },
        "way": []
      }
    },
    {
      "tankModels": {
        "name": "w10_tanks02_med_heavy",
        "tm": [
          [-0.308894,0.0,0.951097],
          [0.0,1.0,0.0],
          [-0.951097,0.0,-0.308894],
          [1773.71,298.461,808.458]
        ],
        "unit_class": "us_m47_patton_II",
        "objLayer": 1,
        "closed_waypoints": false,
        "isShipSpline": false,
        "shipTurnRadius": 100.0,
        "wayPoints": "direction03_01",
        "weapons": "",
        "bullets0": "",
        "bullets1": "",
        "bullets2": "",
        "bullets3": "",
        "bulletsCount0": 100,
        "bulletsCount1": 0,
        "bulletsCount2": 0,
        "bulletsCount3": 0,
        "props": {
          "army": 2,
          "count": 16,
          "formation_type": "rows",
          "formation_div": 4,
          "formation_step": [5.0,3.0],
          "formation_noise": [0.9,0.1],
          "uniqueName": "",
          "attack_type": "fire_at_will"
        },
        "way": []
      }
    },
    {
      "tankModels": {
        "name": "w10_tanks03_med_heavy",
        "tm": [
          [-0.654225,0.0,-0.7563],
          [0.0,1.0,0.0],
          [0.7563,0.0,-0.654225],
          [2443.06,290.999,2263.82]
        ],
        "unit_class": "us_m47_patton_II",
        "objLayer": 1,
        "closed_waypoints": false,
        "isShipSpline": false,
        "shipTurnRadius": 100.0,
        "wayPoints": "direction01_01",
        "weapons": "",
        "bullets0": "",
        "bullets1": "",
        "bullets2": "",
        "bullets3": "",
        "bulletsCount0": 100,
        "bulletsCount1": 0,
        "bulletsCount2": 0,
        "bulletsCount3": 0,
        "props": {
          "army": 2,
          "count": 16,
          "formation_type": "rows",
          "formation_div": 4,
          "formation_step": [5.0,3.0],
          "formation_noise": [0.9,0.1],
          "uniqueName": "",
          "attack_type": "fire_at_will"
        },
        "way": []
      }
    },
    {
      "tankModels": {
        "name": "w10_tanks04_heavy",
        "tm": [
          [-0.255523,0.0,-0.966802],
          [0.0,1.0,0.0],
          [0.966802,0.0,-0.255523],
          [2509.13,272.597,1837.16]
        ],
        "unit_class": "us_t32",
        "objLayer": 1,
        "closed_waypoints": false,
        "isShipSpline": false,
        "shipTurnRadius": 100.0,
        "wayPoints": "direction02_01",
        "weapons": "",
        "bullets0": "",
        "bullets1": "",
        "bullets2": "",
        "bullets3": "",
        "bulletsCount0": 100,
        "bulletsCount1": 0,
        "bulletsCount2": 0,
        "bulletsCount3": 0,
        "props": {
          "army": 2,
          "count": 16,
          "formation_type": "rows",
          "formation_div": 4,
          "formation_step": [5.0,3.0],
          "formation_noise": [0.9,0.1],
          "uniqueName": "",
          "attack_type": "fire_at_will"
        },
        "way": []
      }
    },
    {
      "tankModels": {
        "name": "w2_tanks01_light",
        "tm": [
          [-0.463749,0.0,-0.885967],
          [0.0,1.0,0.0],
          [0.885967,0.0,-0.463749],
          [2396.06,291.123,2226.43]
        ],
        "unit_class": "us_t92",
        "objLayer": 1,
        "closed_waypoints": false,
        "isShipSpline": false,
        "shipTurnRadius": 100.0,
        "wayPoints": "direction01_01",
        "weapons": "",
        "bullets0": "",
        "bullets1": "",
        "bullets2": "",
        "bullets3": "",
        "bulletsCount0": 100,
        "bulletsCount1": 0,
        "bulletsCount2": 0,
        "bulletsCount3": 0,
        "props": {
          "army": 2,
          "count": 16,
          "formation_type": "rows",
          "formation_div": 4,
          "formation_step": [5.0,3.0],
          "formation_noise": [0.9,0.1],
          "uniqueName": "",
          "attack_type": "fire_at_will"
        },
        "way": []
      }
    },
    {
      "tankModels": {
        "name": "w3_tanks01_light",
        "tm": [
          [0.82346,0.0,0.567375],
          [0.0,1.0,0.0],
          [-0.567375,0.0,0.82346],
          [601.813,303.62,1984.55]
        ],
        "unit_class": "us_t92",
        "objLayer": 1,
        "closed_waypoints": false,
        "isShipSpline": false,
        "shipTurnRadius": 100.0,
        "wayPoints": "direction03_02",
        "weapons": "",
        "bullets0": "",
        "bullets1": "",
        "bullets2": "",
        "bullets3": "",
        "bulletsCount0": 100,
        "bulletsCount1": 0,
        "bulletsCount2": 0,
        "bulletsCount3": 0,
        "props": {
          "army": 2,
          "count": 16,
          "formation_type": "rows",
          "formation_div": 4,
          "formation_step": [5.0,3.0],
          "formation_noise": [0.9,0.1],
          "uniqueName": "",
          "attack_type": "fire_at_will"
        },
        "way": []
      }
    },
    {
      "tankModels": {
        "name": "w3_tanks03_med",
        "tm": [
          [-0.226929,0.0,-0.973909],
          [0.0,1.0,0.0],
          [0.973909,0.0,-0.226929],
          [2503.04,272.751,1838.63]
        ],
        "unit_class": "us_m46_patton",
        "objLayer": 1,
        "closed_waypoints": false,
        "isShipSpline": false,
        "shipTurnRadius": 100.0,
        "wayPoints": "direction02_01",
        "weapons": "",
        "bullets0": "",
        "bullets1": "",
        "bullets2": "",
        "bullets3": "",
        "bulletsCount0": 100,
        "bulletsCount1": 0,
        "bulletsCount2": 0,
        "bulletsCount3": 0,
        "props": {
          "army": 2,
          "count": 16,
          "formation_type": "rows",
          "formation_div": 4,
          "formation_step": [5.0,3.0],
          "formation_noise": [0.9,0.1],
          "uniqueName": "",
          "attack_type": "fire_at_will"
        },
        "way": []
      }
    },
    {
      "tankModels": {
        "name": "w2_tanks02_med",
        "tm": [
          [-0.474743,0.0,0.880123],
          [0.0,1.0,0.0],
          [-0.880123,0.0,-0.474743],
          [1772.36,300.617,843.722]
        ],
        "unit_class": "us_m46_patton",
        "objLayer": 1,
        "closed_waypoints": false,
        "isShipSpline": false,
        "shipTurnRadius": 100.0,
        "wayPoints": "direction03_01",
        "weapons": "",
        "bullets0": "",
        "bullets1": "",
        "bullets2": "",
        "bullets3": "",
        "bulletsCount0": 100,
        "bulletsCount1": 0,
        "bulletsCount2": 0,
        "bulletsCount3": 0,
        "props": {
          "army": 2,
          "count": 16,
          "formation_type": "rows",
          "formation_div": 4,
          "formation_step": [5.0,3.0],
          "formation_noise": [0.9,0.1],
          "uniqueName": "",
          "attack_type": "fire_at_will"
        },
        "way": []
      }
    },
    {
      "tankModels": {
        "name": "w3_tanks02_light",
        "tm": [
          [0.88295,0.0,-0.469464],
          [0.0,1.0,0.0],
          [0.469464,0.0,0.88295],
          [995.895,297.782,2236.56]
        ],
        "unit_class": "us_t92",
        "objLayer": 1,
        "closed_waypoints": false,
        "isShipSpline": false,
        "shipTurnRadius": 100.0,
        "wayPoints": "direction02_02",
        "weapons": "",
        "bullets0": "",
        "bullets1": "",
        "bullets2": "",
        "bullets3": "",
        "bulletsCount0": 100,
        "bulletsCount1": 0,
        "bulletsCount2": 0,
        "bulletsCount3": 0,
        "props": {
          "army": 2,
          "count": 16,
          "formation_type": "rows",
          "formation_div": 4,
          "formation_step": [5.0,3.0],
          "formation_noise": [0.9,0.1],
          "uniqueName": "",
          "attack_type": "fire_at_will"
        },
        "way": []
      }
    },
    {
      "tankModels": {
        "name": "w3_tanks04_med",
        "tm": [
          [-0.717405,0.0,-0.696654],
          [0.0,1.0,0.0],
          [0.696654,0.0,-0.717405],
          [1570.38,286.808,2601.18]
        ],
        "unit_class": "us_m46_patton",
        "objLayer": 1,
        "closed_waypoints": false,
        "isShipSpline": false,
        "shipTurnRadius": 100.0,
        "wayPoints": "direction01_02",
        "weapons": "",
        "bullets0": "",
        "bullets1": "",
        "bullets2": "",
        "bullets3": "",
        "bulletsCount0": 100,
        "bulletsCount1": 0,
        "bulletsCount2": 0,
        "bulletsCount3": 0,
        "props": {
          "army": 2,
          "count": 16,
          "formation_type": "rows",
          "formation_div": 4,
          "formation_step": [5.0,3.0],
          "formation_noise": [0.9,0.1],
          "uniqueName": "",
          "attack_type": "fire_at_will"
        },
        "way": []
      }
    },
    {
      "squad": {
        "name": "wave02",
        "tm": [
          [-0.99927,0.0,-0.0381865],
          [0.0,1.0,0.0],
          [0.0381865,0.0,-0.99927],
          [8428.26,784.35,294.273]
        ],
        "props": [
          {
            "squad_members": "w2_tanks01_light"
          },
          {
            "squad_members": "w2_tanks02_med"
          }
        ]
      }
    },
    {
      "squad": {
        "name": "wave03",
        "tm": [
          [-0.99927,0.0,-0.0381865],
          [0.0,1.0,0.0],
          [0.0381865,0.0,-0.99927],
          [8455.52,784.35,417.703]
        ],
        "props": [
          {
            "squad_members": "w3_tanks03_med"
          },
          {
            "squad_members": "w3_tanks04_med"
          },
          {
            "squad_members": "w3_tanks01_light"
          },
          {
            "squad_members": "w3_tanks02_light"
          }
        ]
      }
    },
    {
      "tankModels": {
        "name": "w6_tanks01_med",
        "tm": [
          [0.750891,0.0,-0.660429],
          [0.0,1.0,0.0],
          [0.660429,0.0,0.750891],
          [998.612,296.177,2236.56]
        ],
        "unit_class": "us_m46_patton",
        "objLayer": 1,
        "closed_waypoints": false,
        "isShipSpline": false,
        "shipTurnRadius": 100.0,
        "wayPoints": "direction02_02",
        "weapons": "",
        "bullets0": "",
        "bullets1": "",
        "bullets2": "",
        "bullets3": "",
        "bulletsCount0": 100,
        "bulletsCount1": 0,
        "bulletsCount2": 0,
        "bulletsCount3": 0,
        "props": {
          "army": 2,
          "count": 16,
          "formation_type": "rows",
          "formation_div": 4,
          "formation_step": [5.0,3.0],
          "formation_noise": [0.9,0.1],
          "uniqueName": "",
          "attack_type": "fire_at_will"
        },
        "way": []
      }
    },
    {
      "tankModels": {
        "name": "w6_tanks04_med_heavy",
        "tm": [
          [-0.965392,0.0,0.260804],
          [0.0,1.0,0.0],
          [-0.260804,0.0,-0.965392],
          [2489.19,345.248,1017.18]
        ],
        "unit_class": "us_m47_patton_II",
        "objLayer": 1,
        "closed_waypoints": false,
        "isShipSpline": false,
        "shipTurnRadius": 100.0,
        "wayPoints": "direction04_01",
        "weapons": "",
        "bullets0": "",
        "bullets1": "",
        "bullets2": "",
        "bullets3": "",
        "bulletsCount0": 100,
        "bulletsCount1": 0,
        "bulletsCount2": 0,
        "bulletsCount3": 0,
        "props": {
          "army": 2,
          "count": 16,
          "formation_type": "rows",
          "formation_div": 4,
          "formation_step": [5.0,3.0],
          "formation_noise": [0.9,0.1],
          "uniqueName": "",
          "attack_type": "fire_at_will"
        },
        "way": []
      }
    },
    {
      "tankModels": {
        "name": "w4_tanks01_med",
        "tm": [
          [-0.781216,0.0,-0.624263],
          [0.0,1.0,0.0],
          [0.624263,0.0,-0.781216],
          [1553.51,286.999,2606.1]
        ],
        "unit_class": "us_m46_patton",
        "objLayer": 1,
        "closed_waypoints": false,
        "isShipSpline": false,
        "shipTurnRadius": 100.0,
        "wayPoints": "direction01_02",
        "weapons": "",
        "bullets0": "",
        "bullets1": "",
        "bullets2": "",
        "bullets3": "",
        "bulletsCount0": 100,
        "bulletsCount1": 0,
        "bulletsCount2": 0,
        "bulletsCount3": 0,
        "props": {
          "army": 2,
          "count": 16,
          "formation_type": "rows",
          "formation_div": 4,
          "formation_step": [5.0,3.0],
          "formation_noise": [0.9,0.1],
          "uniqueName": "",
          "attack_type": "fire_at_will"
        },
        "way": []
      }
    },
    {
      "tankModels": {
        "name": "w6_tanks02_med",
        "tm": [
          [-0.569307,0.0,0.822125],
          [0.0,1.0,0.0],
          [-0.822125,0.0,-0.569307],
          [1771.75,299.641,820.483]
        ],
        "unit_class": "us_m46_patton",
        "objLayer": 1,
        "closed_waypoints": false,
        "isShipSpline": false,
        "shipTurnRadius": 100.0,
        "wayPoints": "direction03_01",
        "weapons": "",
        "bullets0": "",
        "bullets1": "",
        "bullets2": "",
        "bullets3": "",
        "bulletsCount0": 100,
        "bulletsCount1": 0,
        "bulletsCount2": 0,
        "bulletsCount3": 0,
        "props": {
          "army": 2,
          "count": 16,
          "formation_type": "rows",
          "formation_div": 4,
          "formation_step": [5.0,3.0],
          "formation_noise": [0.9,0.1],
          "uniqueName": "",
          "attack_type": "fire_at_will"
        },
        "way": []
      }
    },
    {
      "tankModels": {
        "name": "w6_tanks05_med_heavy",
        "tm": [
          [-0.588655,0.0,-0.808385],
          [0.0,1.0,0.0],
          [0.808385,0.0,-0.588655],
          [2517.94,271.898,1814.67]
        ],
        "unit_class": "us_m47_patton_II",
        "objLayer": 1,
        "closed_waypoints": false,
        "isShipSpline": false,
        "shipTurnRadius": 100.0,
        "wayPoints": "direction02_01",
        "weapons": "",
        "bullets0": "",
        "bullets1": "",
        "bullets2": "",
        "bullets3": "",
        "bulletsCount0": 100,
        "bulletsCount1": 0,
        "bulletsCount2": 0,
        "bulletsCount3": 0,
        "props": {
          "army": 2,
          "count": 16,
          "formation_type": "rows",
          "formation_div": 4,
          "formation_step": [5.0,3.0],
          "formation_noise": [0.9,0.1],
          "uniqueName": "",
          "attack_type": "fire_at_will"
        },
        "way": []
      }
    },
    {
      "tankModels": {
        "name": "w4_tanks02_med",
        "tm": [
          [-0.872815,0.0,0.488053],
          [0.0,1.0,0.0],
          [-0.488053,0.0,-0.872815],
          [2479.09,346.437,1024.1]
        ],
        "unit_class": "us_m46_patton",
        "objLayer": 1,
        "closed_waypoints": false,
        "isShipSpline": false,
        "shipTurnRadius": 100.0,
        "wayPoints": "direction04_01",
        "weapons": "",
        "bullets0": "",
        "bullets1": "",
        "bullets2": "",
        "bullets3": "",
        "bulletsCount0": 100,
        "bulletsCount1": 0,
        "bulletsCount2": 0,
        "bulletsCount3": 0,
        "props": {
          "army": 2,
          "count": 16,
          "formation_type": "rows",
          "formation_div": 4,
          "formation_step": [5.0,3.0],
          "formation_noise": [0.9,0.1],
          "uniqueName": "",
          "attack_type": "fire_at_will"
        },
        "way": []
      }
    },
    {
      "tankModels": {
        "name": "w6_tanks03_med",
        "tm": [
          [-0.949302,0.0,0.314364],
          [0.0,1.0,0.0],
          [-0.314364,0.0,-0.949302],
          [2484.88,345.577,1014.16]
        ],
        "unit_class": "us_m46_patton",
        "objLayer": 1,
        "closed_waypoints": false,
        "isShipSpline": false,
        "shipTurnRadius": 100.0,
        "wayPoints": "direction04_01",
        "weapons": "",
        "bullets0": "",
        "bullets1": "",
        "bullets2": "",
        "bullets3": "",
        "bulletsCount0": 100,
        "bulletsCount1": 0,
        "bulletsCount2": 0,
        "bulletsCount3": 0,
        "props": {
          "army": 2,
          "count": 16,
          "formation_type": "rows",
          "formation_div": 4,
          "formation_step": [5.0,3.0],
          "formation_noise": [0.9,0.1],
          "uniqueName": "",
          "attack_type": "fire_at_will"
        },
        "way": []
      }
    },
    {
      "tankModels": {
        "name": "w6_tanks06_med_heavy",
        "tm": [
          [-0.837573,0.0,-0.546325],
          [0.0,1.0,0.0],
          [0.546325,0.0,-0.837573],
          [2417.83,290.161,2223.75]
        ],
        "unit_class": "us_m47_patton_II",
        "objLayer": 1,
        "closed_waypoints": false,
        "isShipSpline": false,
        "shipTurnRadius": 100.0,
        "wayPoints": "direction01_01",
        "weapons": "",
        "bullets0": "",
        "bullets1": "",
        "bullets2": "",
        "bullets3": "",
        "bulletsCount0": 100,
        "bulletsCount1": 0,
        "bulletsCount2": 0,
        "bulletsCount3": 0,
        "props": {
          "army": 2,
          "count": 16,
          "formation_type": "rows",
          "formation_div": 4,
          "formation_step": [5.0,3.0],
          "formation_noise": [0.9,0.1],
          "uniqueName": "",
          "attack_type": "fire_at_will"
        },
        "way": []
      }
    },
    {
      "tankModels": {
        "name": "w4_tanks03_med",
        "tm": [
          [0.68997,0.0,0.723837],
          [0.0,1.0,0.0],
          [-0.723837,0.0,0.68997],
          [597.625,300.852,1975.77]
        ],
        "unit_class": "us_m46_patton",
        "objLayer": 1,
        "closed_waypoints": false,
        "isShipSpline": false,
        "shipTurnRadius": 100.0,
        "wayPoints": "direction03_02",
        "weapons": "",
        "bullets0": "",
        "bullets1": "",
        "bullets2": "",
        "bullets3": "",
        "bulletsCount0": 100,
        "bulletsCount1": 0,
        "bulletsCount2": 0,
        "bulletsCount3": 0,
        "props": {
          "army": 2,
          "count": 16,
          "formation_type": "rows",
          "formation_div": 4,
          "formation_step": [5.0,3.0],
          "formation_noise": [0.9,0.1],
          "uniqueName": "",
          "attack_type": "fire_at_will"
        },
        "way": []
      }
    },
    {
      "squad": {
        "name": "wave05",
        "tm": [
          [-0.99927,0.0,-0.0381865],
          [0.0,1.0,0.0],
          [0.0381865,0.0,-0.99927],
          [8506.27,784.1,1031.82]
        ],
        "props": [
          {
            "squad_members": "w5_tanks01_med"
          },
          {
            "squad_members": "w5_tanks02_med"
          },
          {
            "squad_members": "w5_tanks03_med"
          }
        ]
      }
    },
    {
      "squad": {
        "name": "wave06",
        "tm": [
          [-0.99927,0.0,-0.0381865],
          [0.0,1.0,0.0],
          [0.0381865,0.0,-0.99927],
          [8500.87,784.1,1143.65]
        ],
        "props": [
          {
            "squad_members": "w6_tanks04_med_heavy"
          },
          {
            "squad_members": "w6_tanks01_med"
          },
          {
            "squad_members": "w6_tanks05_med_heavy"
          },
          {
            "squad_members": "w6_tanks02_med"
          },
          {
            "squad_members": "w6_tanks06_med_heavy"
          },
          {
            "squad_members": "w6_tanks03_med"
          }
        ]
      }
    },
    {
      "squad": {
        "name": "wave07",
        "tm": [
          [-0.99927,0.0,-0.0381865],
          [0.0,1.0,0.0],
          [0.0381865,0.0,-0.99927],
          [8487.56,784.1,1343.16]
        ],
        "props": [
          {
            "squad_members": "w7_tanks01_med"
          },
          {
            "squad_members": "w7_tanks02_med_heavy"
          }
        ]
      }
    },
    {
      "squad": {
        "name": "wave08",
        "tm": [
          [-0.99927,0.0,-0.0381865],
          [0.0,1.0,0.0],
          [0.0381865,0.0,-0.99927],
          [8448.35,784.1,1400.77]
        ],
        "props": [
          {
            "squad_members": "w8_tanks01_med"
          },
          {
            "squad_members": "w8_tanks02_med_heavy"
          }
        ]
      }
    },
    {
      "tankModels": {
        "name": "w9_tanks01_med",
        "tm": [
          [-0.64236,0.0,-0.766404],
          [0.0,1.0,0.0],
          [0.766404,0.0,-0.64236],
          [1573.12,286.434,2598.46]
        ],
        "unit_class": "us_m46_patton",
        "objLayer": 1,
        "closed_waypoints": false,
        "isShipSpline": false,
        "shipTurnRadius": 100.0,
        "wayPoints": "direction01_02",
        "weapons": "",
        "bullets0": "",
        "bullets1": "",
        "bullets2": "",
        "bullets3": "",
        "bulletsCount0": 100,
        "bulletsCount1": 0,
        "bulletsCount2": 0,
        "bulletsCount3": 0,
        "props": {
          "army": 2,
          "count": 16,
          "formation_type": "rows",
          "formation_div": 4,
          "formation_step": [5.0,3.0],
          "formation_noise": [0.9,0.1],
          "uniqueName": "",
          "attack_type": "fire_at_will"
        },
        "way": []
      }
    },
    {
      "tankModels": {
        "name": "w9_tanks03_med_heavy",
        "tm": [
          [-0.817823,0.0,0.57547],
          [0.0,1.0,0.0],
          [-0.57547,0.0,-0.817823],
          [1773.21,300.475,834.705]
        ],
        "unit_class": "us_m47_patton_II",
        "objLayer": 1,
        "closed_waypoints": false,
        "isShipSpline": false,
        "shipTurnRadius": 100.0,
        "wayPoints": "direction03_01",
        "weapons": "",
        "bullets0": "",
        "bullets1": "",
        "bullets2": "",
        "bullets3": "",
        "bulletsCount0": 100,
        "bulletsCount1": 0,
        "bulletsCount2": 0,
        "bulletsCount3": 0,
        "props": {
          "army": 2,
          "count": 16,
          "formation_type": "rows",
          "formation_div": 4,
          "formation_step": [5.0,3.0],
          "formation_noise": [0.9,0.1],
          "uniqueName": "",
          "attack_type": "fire_at_will"
        },
        "way": []
      }
    },
    {
      "tankModels": {
        "name": "w7_tanks01_med",
        "tm": [
          [0.636153,0.0,0.771563],
          [0.0,1.0,0.0],
          [-0.771563,0.0,0.636153],
          [606.522,302.308,1970.9]
        ],
        "unit_class": "us_m46_patton",
        "objLayer": 1,
        "closed_waypoints": false,
        "isShipSpline": false,
        "shipTurnRadius": 100.0,
        "wayPoints": "direction03_02",
        "weapons": "",
        "bullets0": "",
        "bullets1": "",
        "bullets2": "",
        "bullets3": "",
        "bulletsCount0": 100,
        "bulletsCount1": 0,
        "bulletsCount2": 0,
        "bulletsCount3": 0,
        "props": {
          "army": 2,
          "count": 16,
          "formation_type": "rows",
          "formation_div": 4,
          "formation_step": [5.0,3.0],
          "formation_noise": [0.9,0.1],
          "uniqueName": "",
          "attack_type": "fire_at_will"
        },
        "way": []
      }
    },
    {
      "tankModels": {
        "name": "w9_tanks02_med",
        "tm": [
          [-0.499516,0.0,-0.866305],
          [0.0,1.0,0.0],
          [0.866305,0.0,-0.499516],
          [1559.1,286.847,2603.13]
        ],
        "unit_class": "us_m46_patton",
        "objLayer": 1,
        "closed_waypoints": false,
        "isShipSpline": false,
        "shipTurnRadius": 100.0,
        "wayPoints": "direction01_02",
        "weapons": "",
        "bullets0": "",
        "bullets1": "",
        "bullets2": "",
        "bullets3": "",
        "bulletsCount0": 100,
        "bulletsCount1": 0,
        "bulletsCount2": 0,
        "bulletsCount3": 0,
        "props": {
          "army": 2,
          "count": 16,
          "formation_type": "rows",
          "formation_div": 4,
          "formation_step": [5.0,3.0],
          "formation_noise": [0.9,0.1],
          "uniqueName": "",
          "attack_type": "fire_at_will"
        },
        "way": []
      }
    },
    {
      "tankModels": {
        "name": "w9_tanks04_med_heavy",
        "tm": [
          [-0.77679,0.0,0.62976],
          [0.0,1.0,0.0],
          [-0.62976,0.0,-0.77679],
          [1766.09,300.532,845.162]
        ],
        "unit_class": "us_m47_patton_II",
        "objLayer": 1,
        "closed_waypoints": false,
