{
  "selected_tag": "",
  "bin_dump_file": "",
  "mission_settings": {
    "atmosphere": {
      "pressure": 760.0,
      "temperature": 15.0
    },
    "player": [
      {
        "army": 1
      },
      {
        "wing": "player_tank01"
      },
      {
        "wing": "player_tank02"
      },
      {
        "wing": "player_tank03"
      },
      {
        "wing": "player_tank04"
      },
      {
        "wing": "player_tank05"
      },
      {
        "wing": "player_tank06"
      },
      {
        "wing": "player_tank07"
      },
      {
        "wing": "player_tank08"
      },
      {
        "wing": "player_tank09"
      }
    ],
    "player_teamB": {
      "army": 2
    },
    "mission": {
      "name": "battle_for_survival_8_players_PvE",
      "level": "levels/avg_mozdok.bin",
      "type": "domination",
      "restoreType": "attempts",
      "optionalTakeOff": false,
      "campaign": "eastern",
      "environment": "Day",
      "weather": "hazy",
      "missionDebriefing": "",
      "missionBriefing": "",
      "nameKillStreaks": "killStreaks_survival_event",
      "chapter": "hidden",
      "gt_mp_tickets": true,
      "gt_mp_capture": true,
      "gt_reload_explosives": false,
      "timeLimit": 60,
      "deathPenaltyMul": 0.0,
      "ctaCaptureZoneEqualPenaltyMul": 0.0,
      "useAlternativeMapCoord": false,
      "remapAiTankModels": false,
      "allowEmptyTeams": true,
      "country_axis": "germany",
      "country_allies": "ussr",
      "forceSkiesInitialRandomSeed": true,
      "skiesInitialRandomSeed": 33,
      "tags": [],
      "missionType": {
        "_Dom": false,
        "_Conq": false,
        "_Bttl": false,
        "_Bto": false,
        "_Flc": false,
        "_v1_race_straight": false,
        "_v1_race_inverted": false,
        "_v2_race_straight": false,
        "_v2_race_inverted": false,
        "_Conq1": false,
        "_Conq2": false,
        "_Conq3": false,
        "_Conq4": false,
        "_Conq5": false,
        "_Conq6": false,
        "_DBttl": false,
        "_CnvA": false,
        "_CnvB": false,
        "_DBttlA": false,
        "_DBttlB": false,
        "_ArtDA": false,
        "_ArtDB": false
      },
      "customWeather": {
        "windDir": [0.6,0.8],
        "wind_scale": 1.0,
        "max_wind_strength": 6.0,
        "sky": {
          "mie_height": 0.5,
          "mieG": 0.5,
          "betaMScale": 0.7,
          "clouds_overcast": 0.2
        },
        "clouds_gen": {
          "humidity": 0.1,
          "persistence": 0.66,
          "asymmetry": 0.4
        },
        "clouds_position": {
          "start_altitude": 1.0,
          "thickness": 4.5,
          "light_extinction": 0.2,
          "amb_extinction_mul": 0.2
        },
        "clouds_render": {
          "silver_lining": 1.0,
          "sun_light": 1.5,
          "ambient": 1.5,
          "silver_lining_eccentricity": 0.6
        },
        "strata_clouds": {
          "amount": 0.5,
          "altitude": 11.0
        },
        "rain": {
          "rainFromInvisibleClouds": false,
          "probability": 0.0
        }
      }
    },
    "spectator_points": [],
    "cover_points": [],
    "aiParams": {
      "aiEffectivenessViscosity": 90.0,
      "effectivenessDistances": [2500.0,7000.0]
    }
  },
  "imports": [],
  "triggers": {
    "isCategory": true,
    "is_enabled": true
  },
  "mission_objectives": {
    "isCategory": true,
    "is_enabled": true
  },
  "variables": [],
  "dialogs": [],
  "airfields": [],
  "effects": [],
  "units": [
    {
      "tankModels": {
        "name": "w1_tanks01_light",
        "tm": [
          [0.882807,0.0,-0.469736],
          [0.0,1.0,0.0],
          [0.469736,0.0,0.882807],
          [815.7,52.6,3156.45]
        ],
        "unit_class": "ussr_t_34_85_d_5t",
        "objLayer": 1,
        "closed_waypoints": false,
        "isShipSpline": false,
        "shipTurnRadius": 100.0,
        "wayPoints": "direction02_01",
        "weapons": "",
        "bullets0": "",
        "bullets1": "",
        "bullets2": "",
        "bullets3": "",
        "bulletsCount0": 100,
        "bulletsCount1": 0,
        "bulletsCount2": 0,
        "bulletsCount3": 0,
        "props": {
          "army": 2,
          "count": 16,
          "formation_type": "rows",
          "formation_div": 2,
          "formation_step": [5.0,8.0],
          "formation_noise": [0.3,0.1],
          "uniqueName": "",
          "attack_type": "fire_at_will"
        },
        "way": []
      }
    },
    {
      "tankModels": {
        "name": "w1_tanks02_med",
        "tm": [
          [0.961836,0.0,0.273621],
          [0.0,1.0,0.0],
          [-0.273621,0.0,0.961836],
          [1079.85,48.8602,1549.35]
        ],
        "unit_class": "ussr_t_34_85_zis_53",
        "objLayer": 1,
        "closed_waypoints": false,
        "isShipSpline": false,
        "shipTurnRadius": 100.0,
        "wayPoints": "direction01_02",
        "weapons": "",
        "bullets0": "",
        "bullets1": "",
        "bullets2": "",
        "bullets3": "",
        "bulletsCount0": 100,
        "bulletsCount1": 0,
        "bulletsCount2": 0,
        "bulletsCount3": 0,
        "props": {
          "army": 2,
          "count": 16,
          "formation_type": "rows",
          "formation_div": 2,
          "formation_step": [7.0,5.0],
          "formation_noise": [-0.2,-0.1],
          "uniqueName": "",
          "attack_type": "fire_at_will"
        },
        "way": []
      }
    },
    {
      "squad": {
        "name": "wave01",
        "tm": [
          [0.935187,0.0,0.354153],
          [0.0,1.0,0.0],
          [-0.354153,0.0,0.935187],
          [-2508.5,441.5,2478.8]
        ],
        "props": [
          {
            "squad_members": "w1_tanks01_light"
          },
          {
            "squad_members": "w1_tanks02_med"
          }
        ]
      }
    },
    {
      "squad": {
        "name": "all_enemy_units",
        "tm": [
          [0.935187,0.0,0.354153],
          [0.0,1.0,0.0],
          [-0.354153,0.0,0.935187],
          [-2347.3,-203.35,1805.55]
        ],
        "props": [
          {
            "squad_members": "wave01"
          },
          {
            "squad_members": "wave02"
          },
          {
            "squad_members": "wave03"
          },
          {
            "squad_members": "wave04"
          },
          {
            "squad_members": "wave05"
          },
          {
            "squad_members": "wave06"
          },
          {
            "squad_members": "wave07"
          },
          {
            "squad_members": "wave08"
          },
          {
            "squad_members": "wave09"
          },
          {
            "squad_members": "wave10"
          },
          {
            "squad_members": "wave11"
          },
          {
            "squad_members": "wave12"
          }
        ]
      }
    },
    {
      "tankModels": {
        "name": "w5_tanks01_med",
        "tm": [
          [-0.523947,0.0,0.851752],
          [0.0,1.0,0.0],
          [-0.851752,0.0,-0.523947],
          [2723.4,54.35,1332.0]
        ],
        "unit_class": "ussr_t_34_85_zis_53",
        "objLayer": 1,
        "closed_waypoints": false,
        "isShipSpline": false,
        "shipTurnRadius": 100.0,
        "wayPoints": "direction03_01",
        "weapons": "",
        "bullets0": "",
        "bullets1": "",
        "bullets2": "",
        "bullets3": "",
        "bulletsCount0": 100,
        "bulletsCount1": 0,
        "bulletsCount2": 0,
        "bulletsCount3": 0,
        "props": {
          "army": 2,
          "count": 16,
          "formation_type": "rows",
          "formation_div": 3,
          "formation_step": [8.0,6.0],
          "formation_noise": [0.2,0.4],
          "uniqueName": "",
          "attack_type": "fire_at_will"
        },
        "way": []
      }
    },
    {
      "tankModels": {
        "name": "w5_tanks02_med",
        "tm": [
          [0.975118,0.0,0.221692],
          [0.0,1.0,0.0],
          [-0.221692,0.0,0.975118],
          [930.55,50.1,1960.15]
        ],
        "unit_class": "ussr_t_34_85_zis_53",
        "objLayer": 1,
        "closed_waypoints": false,
        "isShipSpline": false,
        "shipTurnRadius": 100.0,
        "wayPoints": "direction01_01",
        "weapons": "",
        "bullets0": "",
        "bullets1": "",
        "bullets2": "",
        "bullets3": "",
        "bulletsCount0": 100,
        "bulletsCount1": 0,
        "bulletsCount2": 0,
        "bulletsCount3": 0,
        "props": {
          "army": 2,
          "count": 16,
          "formation_type": "rows",
          "formation_div": 2,
          "formation_step": [5.0,7.0],
          "formation_noise": [-0.4,-0.3],
          "uniqueName": "",
          "attack_type": "fire_at_will"
        },
        "way": []
      }
    },
    {
      "tankModels": {
        "name": "w5_tanks03_med",
        "tm": [
          [0.0677826,0.0,0.9977],
          [0.0,1.0,0.0],
          [-0.9977,0.0,0.0677826],
          [1784.95,56.75,975.95]
        ],
        "unit_class": "ussr_t_34_85_zis_53",
        "objLayer": 1,
        "closed_waypoints": false,
        "isShipSpline": false,
        "shipTurnRadius": 100.0,
        "wayPoints": "direction02_02",
        "weapons": "",
        "bullets0": "",
        "bullets1": "",
        "bullets2": "",
        "bullets3": "",
        "bulletsCount0": 100,
        "bulletsCount1": 0,
        "bulletsCount2": 0,
        "bulletsCount3": 0,
        "props": {
          "army": 2,
          "count": 16,
          "formation_type": "rows",
          "formation_div": 2,
          "formation_step": [6.0,7.0],
          "formation_noise": [-0.2,-0.1],
          "uniqueName": "",
          "attack_type": "fire_at_will"
        },
        "way": []
      }
    },
    {
      "squad": {
        "name": "wave04",
        "tm": [
          [0.935187,0.0,0.354153],
          [0.0,1.0,0.0],
          [-0.354153,0.0,0.935187],
          [-2407.25,441.25,1719.25]
        ],
        "props": [
          {
            "squad_members": "w4_tanks01_med"
          },
          {
            "squad_members": "w4_tanks02_med"
          },
          {
            "squad_members": "w4_tanks03_med"
          }
        ]
      }
    },
    {
      "tankModels": {
        "name": "w8_tanks01_med",
        "tm": [
          [0.790588,0.0,-0.612348],
          [0.0,1.0,0.0],
          [0.612348,0.0,0.790588],
          [1107.9,51.4778,3244.1]
        ],
        "unit_class": "ussr_t_34_85_zis_53",
        "objLayer": 1,
        "closed_waypoints": false,
        "isShipSpline": false,
        "shipTurnRadius": 100.0,
        "wayPoints": "direction04_01",
        "weapons": "",
        "bullets0": "",
        "bullets1": "",
        "bullets2": "",
        "bullets3": "",
        "bulletsCount0": 100,
        "bulletsCount1": 0,
        "bulletsCount2": 0,
        "bulletsCount3": 0,
        "props": {
          "army": 2,
          "count": 16,
          "formation_type": "rows",
          "formation_div": 2,
          "formation_step": [7.0,8.0],
          "formation_noise": [-0.2,-0.1],
          "uniqueName": "",
          "attack_type": "fire_at_will"
        },
        "way": []
      }
    },
    {
      "tankModels": {
        "name": "w8_tanks02_med_heavy",
        "tm": [
          [-0.127174,0.0,0.99188],
          [0.0,1.0,0.0],
          [-0.99188,0.0,-0.127174],
          [1793.45,59.7,966.45]
        ],
        "unit_class": "ussr_is_1",
        "objLayer": 1,
        "closed_waypoints": false,
        "isShipSpline": false,
        "shipTurnRadius": 100.0,
        "wayPoints": "direction04_01",
        "weapons": "",
        "bullets0": "",
        "bullets1": "",
        "bullets2": "",
        "bullets3": "",
        "bulletsCount0": 100,
        "bulletsCount1": 0,
        "bulletsCount2": 0,
        "bulletsCount3": 0,
        "props": {
          "army": 2,
          "count": 16,
          "formation_type": "rows",
          "formation_div": 2,
          "formation_step": [6.0,7.0],
          "formation_noise": [-0.2,-0.1],
          "uniqueName": "",
          "attack_type": "fire_at_will"
        },
        "way": []
      }
    },
    {
      "squad": {
        "name": "wave09",
        "tm": [
          [0.935187,0.0,0.354153],
          [0.0,1.0,0.0],
          [-0.354153,0.0,0.935187],
          [-2228.55,480.65,1187.15]
        ],
        "props": [
          {
            "squad_members": "w9_tanks01_med"
          },
          {
            "squad_members": "w9_tanks02_med"
          },
          {
            "squad_members": "w9_tanks03_med_heavy"
          },
          {
            "squad_members": "w9_tanks04_med_heavy"
          }
        ]
      }
    },
    {
      "tankModels": {
        "name": "w10_tanks01_med_heavy",
        "tm": [
          [0.881457,0.0,-0.472265],
          [0.0,1.0,0.0],
          [0.472265,0.0,0.881457],
          [1124.82,52.6735,3222.57]
        ],
        "unit_class": "ussr_is_1",
        "objLayer": 1,
        "closed_waypoints": false,
        "isShipSpline": false,
        "shipTurnRadius": 100.0,
        "wayPoints": "direction04_01",
        "weapons": "",
        "bullets0": "",
        "bullets1": "",
        "bullets2": "",
        "bullets3": "",
        "bulletsCount0": 100,
        "bulletsCount1": 0,
        "bulletsCount2": 0,
        "bulletsCount3": 0,
        "props": {
          "army": 2,
          "count": 16,
          "formation_type": "rows",
          "formation_div": 2,
          "formation_step": [9.0,6.0],
          "formation_noise": [-0.4,-0.3],
          "uniqueName": "",
          "attack_type": "fire_at_will"
        },
        "way": []
      }
    },
    {
      "tankModels": {
        "name": "w10_tanks02_med_heavy",
        "tm": [
          [-0.126864,0.0,0.99192],
          [0.0,1.0,0.0],
          [-0.99192,0.0,-0.126864],
          [2739.42,53.7737,1318.16]
        ],
        "unit_class": "ussr_is_1",
        "objLayer": 1,
        "closed_waypoints": false,
        "isShipSpline": false,
        "shipTurnRadius": 100.0,
        "wayPoints": "direction03_01",
        "weapons": "",
        "bullets0": "",
        "bullets1": "",
        "bullets2": "",
        "bullets3": "",
        "bulletsCount0": 100,
        "bulletsCount1": 0,
        "bulletsCount2": 0,
        "bulletsCount3": 0,
        "props": {
          "army": 2,
          "count": 16,
          "formation_type": "rows",
          "formation_div": 1,
          "formation_step": [9.0,6.0],
          "formation_noise": [-0.4,-0.3],
          "uniqueName": "",
          "attack_type": "fire_at_will"
        },
        "way": []
      }
    },
    {
      "tankModels": {
        "name": "w10_tanks03_med_heavy",
        "tm": [
          [0.934455,0.0,0.356081],
          [0.0,1.0,0.0],
          [-0.356081,0.0,0.934455],
          [924.491,50.0642,1947.66]
        ],
        "unit_class": "ussr_is_1",
        "objLayer": 1,
        "closed_waypoints": false,
        "isShipSpline": false,
        "shipTurnRadius": 100.0,
        "wayPoints": "direction01_01",
        "weapons": "",
        "bullets0": "",
        "bullets1": "",
        "bullets2": "",
        "bullets3": "",
        "bulletsCount0": 100,
        "bulletsCount1": 0,
        "bulletsCount2": 0,
        "bulletsCount3": 0,
        "props": {
          "army": 2,
          "count": 16,
          "formation_type": "rows",
          "formation_div": 1,
          "formation_step": [6.0,8.0],
          "formation_noise": [-0.4,-0.3],
          "uniqueName": "",
          "attack_type": "fire_at_will"
        },
        "way": []
      }
    },
    {
      "tankModels": {
        "name": "w10_tanks04_heavy",
        "tm": [
          [0.803958,0.0,-0.594685],
          [0.0,1.0,0.0],
          [0.594685,0.0,0.803958],
          [793.88,52.5553,3175.82]
        ],
        "unit_class": "ussr_is_2_1944",
        "objLayer": 1,
        "closed_waypoints": false,
        "isShipSpline": false,
        "shipTurnRadius": 100.0,
        "wayPoints": "direction02_01",
        "weapons": "",
        "bullets0": "",
        "bullets1": "",
        "bullets2": "",
        "bullets3": "",
        "bulletsCount0": 100,
        "bulletsCount1": 0,
        "bulletsCount2": 0,
        "bulletsCount3": 0,
        "props": {
          "army": 2,
          "count": 16,
          "formation_type": "rows",
          "formation_div": 2,
          "formation_step": [5.0,7.0],
          "formation_noise": [-0.2,-0.1],
          "uniqueName": "",
          "attack_type": "fire_at_will"
        },
        "way": []
      }
    },
    {
      "tankModels": {
        "name": "w2_tanks01_light",
        "tm": [
          [0.828145,0.0,0.560514],
          [0.0,1.0,0.0],
          [-0.560514,0.0,0.828145],
          [983.597,49.8213,1958.32]
        ],
        "unit_class": "ussr_t_34_85_d_5t",
        "objLayer": 1,
        "closed_waypoints": false,
        "isShipSpline": false,
        "shipTurnRadius": 100.0,
        "wayPoints": "direction01_01",
        "weapons": "",
        "bullets0": "",
        "bullets1": "",
        "bullets2": "",
        "bullets3": "",
        "bulletsCount0": 100,
        "bulletsCount1": 0,
        "bulletsCount2": 0,
        "bulletsCount3": 0,
        "props": {
          "army": 2,
          "count": 16,
          "formation_type": "rows",
          "formation_div": 2,
          "formation_step": [7.0,5.0],
          "formation_noise": [0.1,0.1],
          "uniqueName": "",
          "attack_type": "fire_at_will"
        },
        "way": []
      }
    },
    {
      "tankModels": {
        "name": "w3_tanks01_light",
        "tm": [
          [0.71525,0.0,0.698869],
          [0.0,1.0,0.0],
          [-0.698869,0.0,0.71525],
          [2149.8,56.15,995.55]
        ],
        "unit_class": "ussr_t_34_85_d_5t",
        "objLayer": 1,
        "closed_waypoints": false,
        "isShipSpline": false,
        "shipTurnRadius": 100.0,
        "wayPoints": "direction03_02",
        "weapons": "",
        "bullets0": "",
        "bullets1": "",
        "bullets2": "",
        "bullets3": "",
        "bulletsCount0": 100,
        "bulletsCount1": 0,
        "bulletsCount2": 0,
        "bulletsCount3": 0,
        "props": {
          "army": 2,
          "count": 16,
          "formation_type": "rows",
          "formation_div": 2,
          "formation_step": [6.0,6.0],
          "formation_noise": [0.1,0.1],
          "uniqueName": "",
          "attack_type": "fire_at_will"
        },
        "way": []
      }
    },
    {
      "tankModels": {
        "name": "w3_tanks03_med",
        "tm": [
          [0.821128,0.0,-0.570741],
          [0.0,1.0,0.0],
          [0.570741,0.0,0.821128],
          [790.265,52.8302,3170.71]
        ],
        "unit_class": "ussr_t_34_85_zis_53",
        "objLayer": 1,
        "closed_waypoints": false,
        "isShipSpline": false,
        "shipTurnRadius": 100.0,
        "wayPoints": "direction02_01",
        "weapons": "",
        "bullets0": "",
        "bullets1": "",
        "bullets2": "",
        "bullets3": "",
        "bulletsCount0": 100,
        "bulletsCount1": 0,
        "bulletsCount2": 0,
        "bulletsCount3": 0,
        "props": {
          "army": 2,
          "count": 16,
          "formation_type": "rows",
          "formation_div": 2,
          "formation_step": [7.0,8.0],
          "formation_noise": [0.1,0.1],
          "uniqueName": "",
          "attack_type": "fire_at_will"
        },
        "way": []
      }
    },
    {
      "tankModels": {
        "name": "w2_tanks02_med",
        "tm": [
          [-0.30301,0.0,0.952986],
          [0.0,1.0,0.0],
          [-0.952986,0.0,-0.30301],
          [2744.64,53.5978,1353.06]
        ],
        "unit_class": "ussr_t_34_85_zis_53",
        "objLayer": 1,
        "closed_waypoints": false,
        "isShipSpline": false,
        "shipTurnRadius": 100.0,
        "wayPoints": "direction03_01",
        "weapons": "",
        "bullets0": "",
        "bullets1": "",
        "bullets2": "",
        "bullets3": "",
        "bulletsCount0": 100,
        "bulletsCount1": 0,
        "bulletsCount2": 0,
        "bulletsCount3": 0,
        "props": {
          "army": 2,
          "count": 16,
          "formation_type": "rows",
          "formation_div": 2,
          "formation_step": [7.0,9.0],
          "formation_noise": [-0.2,-0.1],
          "uniqueName": "",
          "attack_type": "fire_at_will"
        },
        "way": []
      }
    },
    {
      "tankModels": {
        "name": "w3_tanks02_light",
        "tm": [
          [0.316908,0.0,0.948455],
          [0.0,1.0,0.0],
          [-0.948455,0.0,0.316908],
          [1809.12,56.7903,979.779]
        ],
        "unit_class": "ussr_t_34_85_d_5t",
        "objLayer": 1,
        "closed_waypoints": false,
        "isShipSpline": false,
        "shipTurnRadius": 100.0,
        "wayPoints": "direction02_02",
        "weapons": "",
        "bullets0": "",
        "bullets1": "",
        "bullets2": "",
        "bullets3": "",
        "bulletsCount0": 100,
        "bulletsCount1": 0,
        "bulletsCount2": 0,
        "bulletsCount3": 0,
        "props": {
          "army": 2,
          "count": 16,
          "formation_type": "rows",
          "formation_div": 2,
          "formation_step": [6.0,8.0],
          "formation_noise": [-0.2,-0.1],
          "uniqueName": "",
          "attack_type": "fire_at_will"
        },
        "way": []
      }
    },
    {
      "tankModels": {
        "name": "w3_tanks04_med",
        "tm": [
          [0.961836,0.0,0.273621],
          [0.0,1.0,0.0],
          [-0.273621,0.0,0.961836],
          [1081.57,48.8466,1550.73]
        ],
        "unit_class": "ussr_t_34_85_zis_53",
        "objLayer": 1,
        "closed_waypoints": false,
        "isShipSpline": false,
        "shipTurnRadius": 100.0,
        "wayPoints": "direction01_02",
        "weapons": "",
        "bullets0": "",
        "bullets1": "",
        "bullets2": "",
        "bullets3": "",
        "bulletsCount0": 100,
        "bulletsCount1": 0,
        "bulletsCount2": 0,
        "bulletsCount3": 0,
        "props": {
          "army": 2,
          "count": 16,
          "formation_type": "rows",
          "formation_div": 2,
          "formation_step": [4.0,6.0],
          "formation_noise": [-0.2,-0.1],
          "uniqueName": "",
          "attack_type": "fire_at_will"
        },
        "way": []
      }
    },
    {
      "squad": {
        "name": "wave02",
        "tm": [
          [0.935187,0.0,0.354153],
          [0.0,1.0,0.0],
          [-0.354153,0.0,0.935187],
          [-2518.77,441.5,2307.99]
        ],
        "props": [
          {
            "squad_members": "w2_tanks01_light"
          },
          {
            "squad_members": "w2_tanks02_med"
          }
        ]
      }
    },
    {
      "squad": {
        "name": "wave03",
        "tm": [
          [0.935187,0.0,0.354153],
          [0.0,1.0,0.0],
          [-0.354153,0.0,0.935187],
          [-2505.34,441.5,2182.3]
        ],
        "props": [
          {
            "squad_members": "w3_tanks03_med"
          },
          {
            "squad_members": "w3_tanks04_med"
          },
          {
            "squad_members": "w3_tanks01_light"
          },
          {
            "squad_members": "w3_tanks02_light"
          }
        ]
      }
    },
    {
      "tankModels": {
        "name": "w6_tanks01_med",
        "tm": [
          [0.019628,0.0,0.999809],
          [0.0,1.0,0.0],
          [-0.999809,0.0,0.019628],
          [1758.81,56.755,968.76]
        ],
        "unit_class": "ussr_t_34_85_zis_53",
        "objLayer": 1,
        "closed_waypoints": false,
        "isShipSpline": false,
        "shipTurnRadius": 100.0,
        "wayPoints": "direction02_02",
        "weapons": "",
        "bullets0": "",
        "bullets1": "",
        "bullets2": "",
        "bullets3": "",
        "bulletsCount0": 100,
        "bulletsCount1": 0,
        "bulletsCount2": 0,
        "bulletsCount3": 0,
        "props": {
          "army": 2,
          "count": 16,
          "formation_type": "rows",
          "formation_div": 3,
          "formation_step": [7.0,5.0],
          "formation_noise": [0.2,0.4],
          "uniqueName": "",
          "attack_type": "fire_at_will"
        },
        "way": []
      }
    },
    {
      "tankModels": {
        "name": "w6_tanks04_med_heavy",
        "tm": [
          [0.902893,0.0,-0.429867],
          [0.0,1.0,0.0],
          [0.429867,0.0,0.902893],
          [1079.73,51.9221,3212.39]
        ],
        "unit_class": "ussr_is_1",
        "objLayer": 1,
        "closed_waypoints": false,
        "isShipSpline": false,
        "shipTurnRadius": 100.0,
        "wayPoints": "direction04_01",
        "weapons": "",
        "bullets0": "",
        "bullets1": "",
        "bullets2": "",
        "bullets3": "",
        "bulletsCount0": 100,
        "bulletsCount1": 0,
        "bulletsCount2": 0,
        "bulletsCount3": 0,
        "props": {
          "army": 2,
          "count": 16,
          "formation_type": "rows",
          "formation_div": 3,
          "formation_step": [7.0,6.0],
          "formation_noise": [0.2,0.4],
          "uniqueName": "",
          "attack_type": "fire_at_will"
        },
        "way": []
      }
    },
    {
      "tankModels": {
        "name": "w4_tanks01_med",
        "tm": [
          [0.983734,0.0,0.179638],
          [0.0,1.0,0.0],
          [-0.179638,0.0,0.983734],
          [1094.1,48.7868,1538.41]
        ],
        "unit_class": "ussr_t_34_85_zis_53",
        "objLayer": 1,
        "closed_waypoints": false,
        "isShipSpline": false,
        "shipTurnRadius": 100.0,
        "wayPoints": "direction01_02",
        "weapons": "",
        "bullets0": "",
        "bullets1": "",
        "bullets2": "",
        "bullets3": "",
        "bulletsCount0": 100,
        "bulletsCount1": 0,
        "bulletsCount2": 0,
        "bulletsCount3": 0,
        "props": {
          "army": 2,
          "count": 16,
          "formation_type": "rows",
          "formation_div": 3,
          "formation_step": [6.0,8.0],
          "formation_noise": [0.2,0.4],
          "uniqueName": "",
          "attack_type": "fire_at_will"
        },
        "way": []
      }
    },
    {
      "tankModels": {
        "name": "w6_tanks02_med",
        "tm": [
          [-0.406701,0.0,0.913562],
          [0.0,1.0,0.0],
          [-0.913562,0.0,-0.406701],
          [2739.72,53.7129,1330.34]
        ],
        "unit_class": "ussr_t_34_85_zis_53",
        "objLayer": 1,
        "closed_waypoints": false,
        "isShipSpline": false,
        "shipTurnRadius": 100.0,
        "wayPoints": "direction03_01",
        "weapons": "",
        "bullets0": "",
        "bullets1": "",
        "bullets2": "",
        "bullets3": "",
        "bulletsCount0": 100,
        "bulletsCount1": 0,
        "bulletsCount2": 0,
        "bulletsCount3": 0,
        "props": {
          "army": 2,
          "count": 16,
          "formation_type": "rows",
          "formation_div": 2,
          "formation_step": [6.0,7.0],
          "formation_noise": [-0.4,-0.3],
          "uniqueName": "",
          "attack_type": "fire_at_will"
        },
        "way": []
      }
    },
    {
      "tankModels": {
        "name": "w6_tanks05_med_heavy",
        "tm": [
          [0.533656,0.0,-0.845702],
          [0.0,1.0,0.0],
          [0.845702,0.0,0.533656],
          [818.057,51.0275,3202.75]
        ],
        "unit_class": "ussr_is_1",
        "objLayer": 1,
        "closed_waypoints": false,
        "isShipSpline": false,
        "shipTurnRadius": 100.0,
        "wayPoints": "direction02_01",
        "weapons": "",
        "bullets0": "",
        "bullets1": "",
        "bullets2": "",
        "bullets3": "",
        "bulletsCount0": 100,
        "bulletsCount1": 0,
        "bulletsCount2": 0,
        "bulletsCount3": 0,
        "props": {
          "army": 2,
          "count": 16,
          "formation_type": "rows",
          "formation_div": 2,
          "formation_step": [4.0,6.0],
          "formation_noise": [-0.4,-0.3],
          "uniqueName": "",
          "attack_type": "fire_at_will"
        },
        "way": []
      }
    },
    {
      "tankModels": {
        "name": "w4_tanks02_med",
        "tm": [
          [0.771025,0.0,-0.636806],
          [0.0,1.0,0.0],
          [0.636806,0.0,0.771025],
          [1132.82,53.2715,3211.51]
        ],
        "unit_class": "ussr_t_34_85_zis_53",
        "objLayer": 1,
        "closed_waypoints": false,
        "isShipSpline": false,
        "shipTurnRadius": 100.0,
        "wayPoints": "direction04_01",
        "weapons": "",
        "bullets0": "",
        "bullets1": "",
        "bullets2": "",
        "bullets3": "",
        "bulletsCount0": 100,
        "bulletsCount1": 0,
        "bulletsCount2": 0,
        "bulletsCount3": 0,
        "props": {
          "army": 2,
          "count": 16,
          "formation_type": "rows",
          "formation_div": 2,
          "formation_step": [7.0,8.0],
          "formation_noise": [-0.4,-0.3],
          "uniqueName": "",
          "attack_type": "fire_at_will"
        },
        "way": []
      }
    },
    {
      "tankModels": {
        "name": "w6_tanks03_med",
        "tm": [
          [0.877449,0.0,-0.479668],
          [0.0,1.0,0.0],
          [0.479668,0.0,0.877449],
          [1074.18,51.24,3229.16]
        ],
        "unit_class": "ussr_t_34_85_zis_53",
        "objLayer": 1,
        "closed_waypoints": false,
        "isShipSpline": false,
        "shipTurnRadius": 100.0,
        "wayPoints": "direction04_01",
        "weapons": "",
        "bullets0": "",
        "bullets1": "",
        "bullets2": "",
        "bullets3": "",
        "bulletsCount0": 100,
        "bulletsCount1": 0,
        "bulletsCount2": 0,
        "bulletsCount3": 0,
        "props": {
          "army": 2,
          "count": 16,
          "formation_type": "rows",
          "formation_div": 2,
          "formation_step": [8.0,4.0],
          "formation_noise": [-0.2,-0.1],
          "uniqueName": "",
          "attack_type": "fire_at_will"
        },
        "way": []
      }
    },
    {
      "tankModels": {
        "name": "w6_tanks06_med_heavy",
        "tm": [
          [0.99644,0.0,0.0843021],
          [0.0,1.0,0.0],
          [-0.0843021,0.0,0.99644],
          [965.696,50.0263,1970.99]
        ],
        "unit_class": "ussr_is_1",
        "objLayer": 1,
        "closed_waypoints": false,
        "isShipSpline": false,
        "shipTurnRadius": 100.0,
        "wayPoints": "direction01_01",
        "weapons": "",
        "bullets0": "",
        "bullets1": "",
        "bullets2": "",
        "bullets3": "",
        "bulletsCount0": 100,
        "bulletsCount1": 0,
        "bulletsCount2": 0,
        "bulletsCount3": 0,
        "props": {
          "army": 2,
          "count": 16,
          "formation_type": "rows",
          "formation_div": 2,
          "formation_step": [5.0,6.0],
          "formation_noise": [-0.2,-0.1],
          "uniqueName": "",
          "attack_type": "fire_at_will"
        },
        "way": []
      }
    },
    {
      "tankModels": {
        "name": "w4_tanks03_med",
        "tm": [
          [0.557148,0.0,0.830413],
          [0.0,1.0,0.0],
          [-0.830413,0.0,0.557148],
          [2060.15,57.1322,935.43]
        ],
        "unit_class": "ussr_t_34_85_zis_53",
        "objLayer": 1,
        "closed_waypoints": false,
        "isShipSpline": false,
        "shipTurnRadius": 100.0,
        "wayPoints": "direction03_02",
        "weapons": "",
        "bullets0": "",
        "bullets1": "",
        "bullets2": "",
        "bullets3": "",
        "bulletsCount0": 100,
        "bulletsCount1": 0,
        "bulletsCount2": 0,
        "bulletsCount3": 0,
        "props": {
          "army": 2,
          "count": 16,
          "formation_type": "rows",
          "formation_div": 2,
          "formation_step": [7.0,7.0],
          "formation_noise": [-0.2,-0.1],
          "uniqueName": "",
          "attack_type": "fire_at_will"
        },
        "way": []
      }
    },
    {
      "squad": {
        "name": "wave05",
        "tm": [
          [0.935187,0.0,0.354153],
          [0.0,1.0,0.0],
          [-0.354153,0.0,0.935187],
          [-2358.05,441.25,1583.95]
        ],
        "props": [
          {
            "squad_members": "w5_tanks01_med"
          },
          {
            "squad_members": "w5_tanks02_med"
          },
          {
            "squad_members": "w5_tanks03_med"
          }
        ]
      }
    },
    {
      "squad": {
        "name": "wave06",
        "tm": [
          [0.935187,0.0,0.354153],
          [0.0,1.0,0.0],
          [-0.354153,0.0,0.935187],
          [-2317.35,441.25,1479.65]
        ],
        "props": [
          {
            "squad_members": "w6_tanks04_med_heavy"
          },
          {
            "squad_members": "w6_tanks01_med"
          },
          {
            "squad_members": "w6_tanks05_med_heavy"
          },
          {
            "squad_members": "w6_tanks02_med"
          },
          {
            "squad_members": "w6_tanks06_med_heavy"
          },
          {
            "squad_members": "w6_tanks03_med"
          }
        ]
      }
    },
    {
      "squad": {
        "name": "wave07",
        "tm": [
          [0.935187,0.0,0.354153],
          [0.0,1.0,0.0],
          [-0.354153,0.0,0.935187],
          [-2241.25,441.25,1294.75]
        ],
        "props": [
          {
            "squad_members": "w7_tanks01_med"
          },
          {
            "squad_members": "w7_tanks02_med_heavy"
          }
        ]
      }
    },
    {
      "squad": {
        "name": "wave08",
        "tm": [
          [0.935187,0.0,0.354153],
          [0.0,1.0,0.0],
          [-0.354153,0.0,0.935187],
          [-2185.75,441.25,1252.6]
        ],
        "props": [
          {
            "squad_members": "w8_tanks01_med"
          },
          {
            "squad_members": "w8_tanks02_med_heavy"
          }
        ]
      }
    },
    {
      "tankModels": {
        "name": "w9_tanks01_med",
        "tm": [
          [0.928793,0.0,0.3706],
          [0.0,1.0,0.0],
          [-0.3706,0.0,0.928793],
          [1080.45,48.8504,1554.43]
        ],
        "unit_class": "ussr_t_34_85_zis_53",
        "objLayer": 1,
        "closed_waypoints": false,
        "isShipSpline": false,
        "shipTurnRadius": 100.0,
        "wayPoints": "direction01_02",
        "weapons": "",
        "bullets0": "",
        "bullets1": "",
        "bullets2": "",
        "bullets3": "",
        "bulletsCount0": 100,
        "bulletsCount1": 0,
        "bulletsCount2": 0,
        "bulletsCount3": 0,
        "props": {
          "army": 2,
          "count": 16,
          "formation_type": "rows",
          "formation_div": 2,
          "formation_step": [6.0,6.0],
          "formation_noise": [-0.2,-0.1],
          "uniqueName": "",
          "attack_type": "fire_at_will"
        },
        "way": []
      }
    },
    {
      "tankModels": {
        "name": "w9_tanks03_med_heavy",
        "tm": [
          [-0.696706,0.0,0.717357],
          [0.0,1.0,0.0],
          [-0.717357,0.0,-0.696706],
          [2743.8,53.6135,1344.04]
        ],
        "unit_class": "ussr_is_1",
        "objLayer": 1,
        "closed_waypoints": false,
        "isShipSpline": false,
        "shipTurnRadius": 100.0,
        "wayPoints": "direction03_01",
        "weapons": "",
        "bullets0": "",
        "bullets1": "",
        "bullets2": "",
        "bullets3": "",
        "bulletsCount0": 100,
        "bulletsCount1": 0,
        "bulletsCount2": 0,
        "bulletsCount3": 0,
        "props": {
          "army": 2,
          "count": 16,
          "formation_type": "rows",
          "formation_div": 2,
          "formation_step": [4.0,6.0],
          "formation_noise": [-0.2,-0.1],
          "uniqueName": "",
          "attack_type": "fire_at_will"
        },
        "way": []
      }
    },
    {
      "tankModels": {
        "name": "w7_tanks01_med",
        "tm": [
          [0.220092,0.0,0.975479],
          [0.0,1.0,0.0],
          [-0.975479,0.0,0.220092],
          [2101.65,61.6,911.55]
        ],
        "unit_class": "ussr_t_34_85_zis_53",
        "objLayer": 1,
        "closed_waypoints": false,
        "isShipSpline": false,
        "shipTurnRadius": 100.0,
        "wayPoints": "direction02_01",
        "weapons": "",
        "bullets0": "",
        "bullets1": "",
        "bullets2": "",
        "bullets3": "",
        "bulletsCount0": 100,
        "bulletsCount1": 0,
        "bulletsCount2": 0,
        "bulletsCount3": 0,
        "props": {
          "army": 2,
          "count": 16,
          "formation_type": "rows",
          "formation_div": 2,
          "formation_step": [8.0,5.0],
          "formation_noise": [-0.2,-0.1],
          "uniqueName": "",
          "attack_type": "fire_at_will"
        },
        "way": []
      }
    },
    {
      "tankModels": {
        "name": "w9_tanks02_med",
        "tm": [
          [0.850328,0.0,0.526253],
          [0.0,1.0,0.0],
          [-0.526253,0.0,0.850328],
          [1090.59,48.7955,1543.67]
        ],
        "unit_class": "ussr_t_34_85_zis_53",
        "objLayer": 1,
        "closed_waypoints": false,
        "isShipSpline": false,
        "shipTurnRadius": 100.0,
        "wayPoints": "direction01_02",
        "weapons": "",
        "bullets0": "",
        "bullets1": "",
        "bullets2": "",
        "bullets3": "",
        "bulletsCount0": 100,
        "bulletsCount1": 0,
        "bulletsCount2": 0,
        "bulletsCount3": 0,
        "props": {
          "army": 2,
          "count": 16,
          "formation_type": "rows",
          "formation_div": 2,
          "formation_step": [5.0,6.0],
          "formation_noise": [-0.2,-0.1],
          "uniqueName": "",
          "attack_type": "fire_at_will"
        },
        "way": []
      }
    },
    {
      "tankModels": {
        "name": "w9_tanks04_med_heavy",
        "tm": [
          [-0.646302,0.0,0.763081],
          [0.0,1.0,0.0],
          [-0.763081,0.0,-0.646302],
          [2738.75,53.8879,1355.64]
        ],
        "unit_class": "ussr_is_1",
