{
  "selected_tag": "",
  "bin_dump_file": "",
  "mission_settings": {
    "atmosphere": {
      "pressure": 760.0,
      "temperature": 15.0
    },
    "player": [
      {
        "army": 1
      },
      {
        "wing": "player_tank01"
      },
      {
        "wing": "player_tank02"
      },
      {
        "wing": "player_tank03"
      },
      {
        "wing": "player_tank04"
      },
      {
        "wing": "player_tank05"
      },
      {
        "wing": "player_tank06"
      },
      {
        "wing": "player_tank07"
      },
      {
        "wing": "player_tank08"
      },
      {
        "wing": "player_tank09"
      }
    ],
    "player_teamB": {
      "army": 2
    },
    "mission": {
      "name": "battle_for_survival_8_players_PvE",
      "level": "levels/avg_mozdok.bin",
      "type": "domination",
      "restoreType": "attempts",
      "optionalTakeOff": false,
      "campaign": "eastern",
      "environment": "Day",
      "weather": "hazy",
      "missionDebriefing": "",
      "missionBriefing": "",
      "nameKillStreaks": "killStreaks_survival_event",
      "chapter": "hidden",
      "gt_mp_tickets": true,
      "gt_mp_capture": true,
      "gt_reload_explosives": false,
      "timeLimit": 60,
      "deathPenaltyMul": 0.0,
      "ctaCaptureZoneEqualPenaltyMul": 0.0,
      "useAlternativeMapCoord": false,
      "remapAiTankModels": false,
      "allowEmptyTeams": true,
      "country_axis": "germany",
      "country_allies": "ussr",
      "forceSkiesInitialRandomSeed": true,
      "skiesInitialRandomSeed": 33,
      "tags": [],
      "missionType": {
        "_Dom": false,
        "_Conq": false,
        "_Bttl": false,
        "_Bto": false,
        "_Flc": false,
        "_v1_race_straight": false,
        "_v1_race_inverted": false,
        "_v2_race_straight": false,
        "_v2_race_inverted": false,
        "_Conq1": false,
        "_Conq2": false,
        "_Conq3": false,
        "_Conq4": false,
        "_Conq5": false,
        "_Conq6": false,
        "_DBttl": false,
        "_CnvA": false,
        "_CnvB": false,
        "_DBttlA": false,
        "_DBttlB": false,
        "_ArtDA": false,
        "_ArtDB": false
      },
      "customWeather": {
        "windDir": [0.6,0.8],
        "wind_scale": 1.0,
        "max_wind_strength": 6.0,
        "sky": {
          "mie_height": 0.5,
          "mieG": 0.5,
          "betaMScale": 0.7,
          "clouds_overcast": 0.2
        },
        "clouds_gen": {
          "humidity": 0.1,
          "persistence": 0.66,
          "asymmetry": 0.4
        },
        "clouds_position": {
          "start_altitude": 1.0,
          "thickness": 4.5,
          "light_extinction": 0.2,
          "amb_extinction_mul": 0.2
        },
        "clouds_render": {
          "silver_lining": 1.0,
          "sun_light": 1.5,
          "ambient": 1.5,
          "silver_lining_eccentricity": 0.6
        },
        "strata_clouds": {
          "amount": 0.5,
          "altitude": 11.0
        },
        "rain": {
          "rainFromInvisibleClouds": false,
          "probability": 0.0
        }
      }
    },
    "spectator_points": [],
    "cover_points": [],
    "aiParams": {
      "aiEffectivenessViscosity": 90.0,
      "effectivenessDistances": [2500.0,7000.0]
    }
  },
  "imports": [],
  "triggers": {
    "isCategory": true,
    "is_enabled": true
  },
  "mission_objectives": {
    "isCategory": true,
    "is_enabled": true
  },
  "variables": [],
  "dialogs": [],
  "airfields": [],
  "effects": [],
  "units": [
    {
      "tankModels": {
        "name": "w1_tanks01_light",
        "tm": [
          [0.149723,0.0,-0.988728],
          [0.0,1.0,0.0],
          [0.988728,0.0,0.149723],
          [1395.22,23.0647,3400.18]
        ],
        "unit_class": "germ_pzkpfw_II_ausf_F",
        "objLayer": 1,
        "closed_waypoints": false,
        "isShipSpline": false,
        "shipTurnRadius": 100.0,
        "wayPoints": "direction02_01",
        "weapons": "",
        "bullets0": "",
        "bullets1": "",
        "bullets2": "",
        "bullets3": "",
        "bulletsCount0": 100,
        "bulletsCount1": 0,
        "bulletsCount2": 0,
        "bulletsCount3": 0,
        "props": {
          "army": 2,
          "count": 16,
          "formation_type": "rows",
          "formation_div": 2,
          "formation_step": [5.0,8.0],
          "formation_noise": [0.3,0.1],
          "uniqueName": "",
          "attack_type": "fire_at_will"
        },
        "way": []
      }
    },
    {
      "tankModels": {
        "name": "w1_tanks02_med",
        "tm": [
          [0.961836,0.0,0.273621],
          [0.0,1.0,0.0],
          [-0.273621,0.0,0.961836],
          [637.418,32.0631,1839.67]
        ],
        "unit_class": "germ_pzkpfw_III_ausf_E",
        "objLayer": 1,
        "closed_waypoints": false,
        "isShipSpline": false,
        "shipTurnRadius": 100.0,
        "wayPoints": "direction01_02",
        "weapons": "",
        "bullets0": "",
        "bullets1": "",
        "bullets2": "",
        "bullets3": "",
        "bulletsCount0": 100,
        "bulletsCount1": 0,
        "bulletsCount2": 0,
        "bulletsCount3": 0,
        "props": {
          "army": 2,
          "count": 16,
          "formation_type": "rows",
          "formation_div": 2,
          "formation_step": [7.0,5.0],
          "formation_noise": [-0.2,-0.1],
          "uniqueName": "",
          "attack_type": "fire_at_will"
        },
        "way": []
      }
    },
    {
      "squad": {
        "name": "wave01",
        "tm": [
          [0.935187,0.0,0.354153],
          [0.0,1.0,0.0],
          [-0.354153,0.0,0.935187],
          [-2508.5,441.5,2478.8]
        ],
        "props": [
          {
            "squad_members": "w1_tanks01_light"
          },
          {
            "squad_members": "w1_tanks02_med"
          }
        ]
      }
    },
    {
      "squad": {
        "name": "all_enemy_units",
        "tm": [
          [0.935187,0.0,0.354153],
          [0.0,1.0,0.0],
          [-0.354153,0.0,0.935187],
          [-2347.3,-203.35,1805.55]
        ],
        "props": [
          {
            "squad_members": "wave01"
          },
          {
            "squad_members": "wave02"
          },
          {
            "squad_members": "wave03"
          },
          {
            "squad_members": "wave04"
          },
          {
            "squad_members": "wave05"
          },
          {
            "squad_members": "wave06"
          },
          {
            "squad_members": "wave07"
          },
          {
            "squad_members": "wave08"
          },
          {
            "squad_members": "wave09"
          },
          {
            "squad_members": "wave10"
          },
          {
            "squad_members": "wave11"
          },
          {
            "squad_members": "wave12"
          }
        ]
      }
    },
    {
      "tankModels": {
        "name": "w5_tanks01_med",
        "tm": [
          [-0.523947,0.0,0.851752],
          [0.0,1.0,0.0],
          [-0.851752,0.0,-0.523947],
          [1987.67,20.256,1682.13]
        ],
        "unit_class": "germ_pzkpfw_III_ausf_E",
        "objLayer": 1,
        "closed_waypoints": false,
        "isShipSpline": false,
        "shipTurnRadius": 100.0,
        "wayPoints": "direction03_01",
        "weapons": "",
        "bullets0": "",
        "bullets1": "",
        "bullets2": "",
        "bullets3": "",
        "bulletsCount0": 100,
        "bulletsCount1": 0,
        "bulletsCount2": 0,
        "bulletsCount3": 0,
        "props": {
          "army": 2,
          "count": 16,
          "formation_type": "rows",
          "formation_div": 3,
          "formation_step": [8.0,6.0],
          "formation_noise": [0.2,0.4],
          "uniqueName": "",
          "attack_type": "fire_at_will"
        },
        "way": []
      }
    },
    {
      "tankModels": {
        "name": "w5_tanks02_med",
        "tm": [
          [0.975118,0.0,0.221692],
          [0.0,1.0,0.0],
          [-0.221692,0.0,0.975118],
          [322.672,31.8849,2217.02]
        ],
        "unit_class": "germ_pzkpfw_III_ausf_E",
        "objLayer": 1,
        "closed_waypoints": false,
        "isShipSpline": false,
        "shipTurnRadius": 100.0,
        "wayPoints": "direction01_01",
        "weapons": "",
        "bullets0": "",
        "bullets1": "",
        "bullets2": "",
        "bullets3": "",
        "bulletsCount0": 100,
        "bulletsCount1": 0,
        "bulletsCount2": 0,
        "bulletsCount3": 0,
        "props": {
          "army": 2,
          "count": 16,
          "formation_type": "rows",
          "formation_div": 2,
          "formation_step": [5.0,7.0],
          "formation_noise": [-0.4,-0.3],
          "uniqueName": "",
          "attack_type": "fire_at_will"
        },
        "way": []
      }
    },
    {
      "tankModels": {
        "name": "w5_tanks03_med",
        "tm": [
          [-0.527232,0.0,-0.849721],
          [0.0,1.0,0.0],
          [0.849721,0.0,-0.527232],
          [2225.76,5.64171,3134.6]
        ],
        "unit_class": "germ_pzkpfw_III_ausf_E",
        "objLayer": 1,
        "closed_waypoints": false,
        "isShipSpline": false,
        "shipTurnRadius": 100.0,
        "wayPoints": "direction02_02",
        "weapons": "",
        "bullets0": "",
        "bullets1": "",
        "bullets2": "",
        "bullets3": "",
        "bulletsCount0": 100,
        "bulletsCount1": 0,
        "bulletsCount2": 0,
        "bulletsCount3": 0,
        "props": {
          "army": 2,
          "count": 16,
          "formation_type": "rows",
          "formation_div": 2,
          "formation_step": [6.0,7.0],
          "formation_noise": [-0.2,-0.1],
          "uniqueName": "",
          "attack_type": "fire_at_will"
        },
        "way": []
      }
    },
    {
      "squad": {
        "name": "wave04",
        "tm": [
          [0.935187,0.0,0.354153],
          [0.0,1.0,0.0],
          [-0.354153,0.0,0.935187],
          [-2407.25,441.25,1719.25]
        ],
        "props": [
          {
            "squad_members": "w4_tanks01_med"
          },
          {
            "squad_members": "w4_tanks02_med"
          },
          {
            "squad_members": "w4_tanks03_med"
          }
        ]
      }
    },
    {
      "tankModels": {
        "name": "w8_tanks01_med",
        "tm": [
          [0.790588,0.0,-0.612348],
          [0.0,1.0,0.0],
          [0.612348,0.0,0.790588],
          [415.142,79.6497,3576.8]
        ],
        "unit_class": "germ_pzkpfw_III_ausf_E",
        "objLayer": 1,
        "closed_waypoints": false,
        "isShipSpline": false,
        "shipTurnRadius": 100.0,
        "wayPoints": "direction04_01",
        "weapons": "",
        "bullets0": "",
        "bullets1": "",
        "bullets2": "",
        "bullets3": "",
        "bulletsCount0": 100,
        "bulletsCount1": 0,
        "bulletsCount2": 0,
        "bulletsCount3": 0,
        "props": {
          "army": 2,
          "count": 16,
          "formation_type": "rows",
          "formation_div": 2,
          "formation_step": [7.0,8.0],
          "formation_noise": [-0.2,-0.1],
          "uniqueName": "",
          "attack_type": "fire_at_will"
        },
        "way": []
      }
    },
    {
      "tankModels": {
        "name": "w8_tanks02_med_heavy",
        "tm": [
          [0.88491,0.0,-0.465761],
          [0.0,1.0,0.0],
          [0.465761,0.0,0.88491],
          [439.346,83.5935,3515.58]
        ],
        "unit_class": "germ_pzkpfw_IV_ausf_E",
        "objLayer": 1,
        "closed_waypoints": false,
        "isShipSpline": false,
        "shipTurnRadius": 100.0,
        "wayPoints": "direction04_01",
        "weapons": "",
        "bullets0": "",
        "bullets1": "",
        "bullets2": "",
        "bullets3": "",
        "bulletsCount0": 100,
        "bulletsCount1": 0,
        "bulletsCount2": 0,
        "bulletsCount3": 0,
        "props": {
          "army": 2,
          "count": 16,
          "formation_type": "rows",
          "formation_div": 2,
          "formation_step": [6.0,7.0],
          "formation_noise": [-0.2,-0.1],
          "uniqueName": "",
          "attack_type": "fire_at_will"
        },
        "way": []
      }
    },
    {
      "squad": {
        "name": "wave09",
        "tm": [
          [0.935187,0.0,0.354153],
          [0.0,1.0,0.0],
          [-0.354153,0.0,0.935187],
          [-2228.55,480.65,1187.15]
        ],
        "props": [
          {
            "squad_members": "w9_tanks01_med"
          },
          {
            "squad_members": "w9_tanks02_med"
          },
          {
            "squad_members": "w9_tanks03_med_heavy"
          },
          {
            "squad_members": "w9_tanks04_med_heavy"
          }
        ]
      }
    },
    {
      "tankModels": {
        "name": "w10_tanks01_med_heavy",
        "tm": [
          [0.881457,0.0,-0.472265],
          [0.0,1.0,0.0],
          [0.472265,0.0,0.881457],
          [432.061,49.8699,3555.27]
        ],
        "unit_class": "germ_pzkpfw_IV_ausf_E",
        "objLayer": 1,
        "closed_waypoints": false,
        "isShipSpline": false,
        "shipTurnRadius": 100.0,
        "wayPoints": "direction04_01",
        "weapons": "",
        "bullets0": "",
        "bullets1": "",
        "bullets2": "",
        "bullets3": "",
        "bulletsCount0": 100,
        "bulletsCount1": 0,
        "bulletsCount2": 0,
        "bulletsCount3": 0,
        "props": {
          "army": 2,
          "count": 16,
          "formation_type": "rows",
          "formation_div": 2,
          "formation_step": [9.0,6.0],
          "formation_noise": [-0.4,-0.3],
          "uniqueName": "",
          "attack_type": "fire_at_will"
        },
        "way": []
      }
    },
    {
      "tankModels": {
        "name": "w10_tanks02_med_heavy",
        "tm": [
          [-0.126864,0.0,0.99192],
          [0.0,1.0,0.0],
          [-0.99192,0.0,-0.126864],
          [2003.69,15.8215,1668.29]
        ],
        "unit_class": "germ_pzkpfw_IV_ausf_E",
        "objLayer": 1,
        "closed_waypoints": false,
        "isShipSpline": false,
        "shipTurnRadius": 100.0,
        "wayPoints": "direction03_01",
        "weapons": "",
        "bullets0": "",
        "bullets1": "",
        "bullets2": "",
        "bullets3": "",
        "bulletsCount0": 100,
        "bulletsCount1": 0,
        "bulletsCount2": 0,
        "bulletsCount3": 0,
        "props": {
          "army": 2,
          "count": 16,
          "formation_type": "rows",
          "formation_div": 1,
          "formation_step": [9.0,6.0],
          "formation_noise": [-0.4,-0.3],
          "uniqueName": "",
          "attack_type": "fire_at_will"
        },
        "way": []
      }
    },
    {
      "tankModels": {
        "name": "w10_tanks03_med_heavy",
        "tm": [
          [0.934455,0.0,0.356081],
          [0.0,1.0,0.0],
          [-0.356081,0.0,0.934455],
          [316.613,9.33013,2204.53]
        ],
        "unit_class": "germ_pzkpfw_IV_ausf_E",
        "objLayer": 1,
        "closed_waypoints": false,
        "isShipSpline": false,
        "shipTurnRadius": 100.0,
        "wayPoints": "direction01_01",
        "weapons": "",
        "bullets0": "",
        "bullets1": "",
        "bullets2": "",
        "bullets3": "",
        "bulletsCount0": 100,
        "bulletsCount1": 0,
        "bulletsCount2": 0,
        "bulletsCount3": 0,
        "props": {
          "army": 2,
          "count": 16,
          "formation_type": "rows",
          "formation_div": 1,
          "formation_step": [6.0,8.0],
          "formation_noise": [-0.4,-0.3],
          "uniqueName": "",
          "attack_type": "fire_at_will"
        },
        "way": []
      }
    },
    {
      "tankModels": {
        "name": "w10_tanks04_heavy",
        "tm": [
          [0.00240484,0.0,-0.999997],
          [0.0,1.0,0.0],
          [0.999997,0.0,0.00240484],
          [1397.75,1.90298,3429.25]
        ],
        "unit_class": "germ_pzkpfw_38t_ausf_F",
        "objLayer": 1,
        "closed_waypoints": false,
        "isShipSpline": false,
        "shipTurnRadius": 100.0,
        "wayPoints": "direction02_01",
        "weapons": "",
        "bullets0": "",
        "bullets1": "",
        "bullets2": "",
        "bullets3": "",
        "bulletsCount0": 100,
        "bulletsCount1": 0,
        "bulletsCount2": 0,
        "bulletsCount3": 0,
        "props": {
          "army": 2,
          "count": 16,
          "formation_type": "rows",
          "formation_div": 2,
          "formation_step": [5.0,7.0],
          "formation_noise": [-0.2,-0.1],
          "uniqueName": "",
          "attack_type": "fire_at_will"
        },
        "way": []
      }
    },
    {
      "tankModels": {
        "name": "w2_tanks01_light",
        "tm": [
          [0.828145,0.0,0.560514],
          [0.0,1.0,0.0],
          [-0.560514,0.0,0.828145],
          [375.719,80.2725,2215.19]
        ],
        "unit_class": "germ_pzkpfw_II_ausf_F",
        "objLayer": 1,
        "closed_waypoints": false,
        "isShipSpline": false,
        "shipTurnRadius": 100.0,
        "wayPoints": "direction01_01",
        "weapons": "",
        "bullets0": "",
        "bullets1": "",
        "bullets2": "",
        "bullets3": "",
        "bulletsCount0": 100,
        "bulletsCount1": 0,
        "bulletsCount2": 0,
        "bulletsCount3": 0,
        "props": {
          "army": 2,
          "count": 16,
          "formation_type": "rows",
          "formation_div": 2,
          "formation_step": [7.0,5.0],
          "formation_noise": [0.1,0.1],
          "uniqueName": "",
          "attack_type": "fire_at_will"
        },
        "way": []
      }
    },
    {
      "tankModels": {
        "name": "w3_tanks01_light",
        "tm": [
          [0.71525,0.0,0.698869],
          [0.0,1.0,0.0],
          [-0.698869,0.0,0.71525],
          [1341.34,15.652,1322.18]
        ],
        "unit_class": "germ_pzkpfw_II_ausf_F",
        "objLayer": 1,
        "closed_waypoints": false,
        "isShipSpline": false,
        "shipTurnRadius": 100.0,
        "wayPoints": "direction03_02",
        "weapons": "",
        "bullets0": "",
        "bullets1": "",
        "bullets2": "",
        "bullets3": "",
        "bulletsCount0": 100,
        "bulletsCount1": 0,
        "bulletsCount2": 0,
        "bulletsCount3": 0,
        "props": {
          "army": 2,
          "count": 16,
          "formation_type": "rows",
          "formation_div": 2,
          "formation_step": [6.0,6.0],
          "formation_noise": [0.1,0.1],
          "uniqueName": "",
          "attack_type": "fire_at_will"
        },
        "way": []
      }
    },
    {
      "tankModels": {
        "name": "w3_tanks03_med",
        "tm": [
          [0.0318647,0.0,-0.999491],
          [0.0,1.0,0.0],
          [0.999491,0.0,0.0318647],
          [1391.49,25.0873,3429.1]
        ],
        "unit_class": "germ_pzkpfw_III_ausf_E",
        "objLayer": 1,
        "closed_waypoints": false,
        "isShipSpline": false,
        "shipTurnRadius": 100.0,
        "wayPoints": "direction02_01",
        "weapons": "",
        "bullets0": "",
        "bullets1": "",
        "bullets2": "",
        "bullets3": "",
        "bulletsCount0": 100,
        "bulletsCount1": 0,
        "bulletsCount2": 0,
        "bulletsCount3": 0,
        "props": {
          "army": 2,
          "count": 16,
          "formation_type": "rows",
          "formation_div": 2,
          "formation_step": [7.0,8.0],
          "formation_noise": [0.1,0.1],
          "uniqueName": "",
          "attack_type": "fire_at_will"
        },
        "way": []
      }
    },
    {
      "tankModels": {
        "name": "w2_tanks02_med",
        "tm": [
          [-0.30301,0.0,0.952986],
          [0.0,1.0,0.0],
          [-0.952986,0.0,-0.30301],
          [2008.91,31.4556,1703.19]
        ],
        "unit_class": "germ_pzkpfw_III_ausf_E",
        "objLayer": 1,
        "closed_waypoints": false,
        "isShipSpline": false,
        "shipTurnRadius": 100.0,
        "wayPoints": "direction03_01",
        "weapons": "",
        "bullets0": "",
        "bullets1": "",
        "bullets2": "",
        "bullets3": "",
        "bulletsCount0": 100,
        "bulletsCount1": 0,
        "bulletsCount2": 0,
        "bulletsCount3": 0,
        "props": {
          "army": 2,
          "count": 16,
          "formation_type": "rows",
          "formation_div": 2,
          "formation_step": [7.0,9.0],
          "formation_noise": [-0.2,-0.1],
          "uniqueName": "",
          "attack_type": "fire_at_will"
        },
        "way": []
      }
    },
    {
      "tankModels": {
        "name": "w3_tanks02_light",
        "tm": [
          [-0.724268,0.0,-0.689517],
          [0.0,1.0,0.0],
          [0.689517,0.0,-0.724268],
          [2202.61,32.6428,3142.54]
        ],
        "unit_class": "germ_pzkpfw_II_ausf_F",
        "objLayer": 1,
        "closed_waypoints": false,
        "isShipSpline": false,
        "shipTurnRadius": 100.0,
        "wayPoints": "direction02_02",
        "weapons": "",
        "bullets0": "",
        "bullets1": "",
        "bullets2": "",
        "bullets3": "",
        "bulletsCount0": 100,
        "bulletsCount1": 0,
        "bulletsCount2": 0,
        "bulletsCount3": 0,
        "props": {
          "army": 2,
          "count": 16,
          "formation_type": "rows",
          "formation_div": 2,
          "formation_step": [6.0,8.0],
          "formation_noise": [-0.2,-0.1],
          "uniqueName": "",
          "attack_type": "fire_at_will"
        },
        "way": []
      }
    },
    {
      "tankModels": {
        "name": "w3_tanks04_med",
        "tm": [
          [0.961836,0.0,0.273621],
          [0.0,1.0,0.0],
          [-0.273621,0.0,0.961836],
          [639.135,45.3763,1841.05]
        ],
        "unit_class": "germ_pzkpfw_III_ausf_E",
        "objLayer": 1,
        "closed_waypoints": false,
        "isShipSpline": false,
        "shipTurnRadius": 100.0,
        "wayPoints": "direction01_02",
        "weapons": "",
        "bullets0": "",
        "bullets1": "",
        "bullets2": "",
        "bullets3": "",
        "bulletsCount0": 100,
        "bulletsCount1": 0,
        "bulletsCount2": 0,
        "bulletsCount3": 0,
        "props": {
          "army": 2,
          "count": 16,
          "formation_type": "rows",
          "formation_div": 2,
          "formation_step": [4.0,6.0],
          "formation_noise": [-0.2,-0.1],
          "uniqueName": "",
          "attack_type": "fire_at_will"
        },
        "way": []
      }
    },
    {
      "squad": {
        "name": "wave02",
        "tm": [
          [0.935187,0.0,0.354153],
          [0.0,1.0,0.0],
          [-0.354153,0.0,0.935187],
          [-2518.77,441.5,2307.99]
        ],
        "props": [
          {
            "squad_members": "w2_tanks01_light"
          },
          {
            "squad_members": "w2_tanks02_med"
          }
        ]
      }
    },
    {
      "squad": {
        "name": "wave03",
        "tm": [
          [0.935187,0.0,0.354153],
          [0.0,1.0,0.0],
          [-0.354153,0.0,0.935187],
          [-2505.34,441.5,2182.3]
        ],
        "props": [
          {
            "squad_members": "w3_tanks03_med"
          },
          {
            "squad_members": "w3_tanks04_med"
          },
          {
            "squad_members": "w3_tanks01_light"
          },
          {
            "squad_members": "w3_tanks02_light"
          }
        ]
      }
    },
    {
      "tankModels": {
        "name": "w6_tanks01_med",
        "tm": [
          [-0.485675,0.0,-0.874141],
          [0.0,1.0,0.0],
          [0.874141,0.0,-0.485675],
          [2252.22,21.9211,3128.71]
        ],
        "unit_class": "germ_pzkpfw_III_ausf_E",
        "objLayer": 1,
        "closed_waypoints": false,
        "isShipSpline": false,
        "shipTurnRadius": 100.0,
        "wayPoints": "direction02_02",
        "weapons": "",
        "bullets0": "",
        "bullets1": "",
        "bullets2": "",
        "bullets3": "",
        "bulletsCount0": 100,
        "bulletsCount1": 0,
        "bulletsCount2": 0,
        "bulletsCount3": 0,
        "props": {
          "army": 2,
          "count": 16,
          "formation_type": "rows",
          "formation_div": 3,
          "formation_step": [7.0,5.0],
          "formation_noise": [0.2,0.4],
          "uniqueName": "",
          "attack_type": "fire_at_will"
        },
        "way": []
      }
    },
    {
      "tankModels": {
        "name": "w6_tanks04_med_heavy",
        "tm": [
          [0.902893,0.0,-0.429867],
          [0.0,1.0,0.0],
          [0.429867,0.0,0.902893],
          [386.97,22.5881,3545.09]
        ],
        "unit_class": "germ_pzkpfw_IV_ausf_E",
        "objLayer": 1,
        "closed_waypoints": false,
        "isShipSpline": false,
        "shipTurnRadius": 100.0,
        "wayPoints": "direction04_01",
        "weapons": "",
        "bullets0": "",
        "bullets1": "",
        "bullets2": "",
        "bullets3": "",
        "bulletsCount0": 100,
        "bulletsCount1": 0,
        "bulletsCount2": 0,
        "bulletsCount3": 0,
        "props": {
          "army": 2,
          "count": 16,
          "formation_type": "rows",
          "formation_div": 3,
          "formation_step": [7.0,6.0],
          "formation_noise": [0.2,0.4],
          "uniqueName": "",
          "attack_type": "fire_at_will"
        },
        "way": []
      }
    },
    {
      "tankModels": {
        "name": "w4_tanks01_med",
        "tm": [
          [0.983734,0.0,0.179638],
          [0.0,1.0,0.0],
          [-0.179638,0.0,0.983734],
          [651.672,24.2977,1828.73]
        ],
        "unit_class": "germ_pzkpfw_III_ausf_E",
        "objLayer": 1,
        "closed_waypoints": false,
        "isShipSpline": false,
        "shipTurnRadius": 100.0,
        "wayPoints": "direction01_02",
        "weapons": "",
        "bullets0": "",
        "bullets1": "",
        "bullets2": "",
        "bullets3": "",
        "bulletsCount0": 100,
        "bulletsCount1": 0,
        "bulletsCount2": 0,
        "bulletsCount3": 0,
        "props": {
          "army": 2,
          "count": 16,
          "formation_type": "rows",
          "formation_div": 3,
          "formation_step": [6.0,8.0],
          "formation_noise": [0.2,0.4],
          "uniqueName": "",
          "attack_type": "fire_at_will"
        },
        "way": []
      }
    },
    {
      "tankModels": {
        "name": "w6_tanks02_med",
        "tm": [
          [-0.406701,0.0,0.913562],
          [0.0,1.0,0.0],
          [-0.913562,0.0,-0.406701],
          [2003.99,31.8683,1680.47]
        ],
        "unit_class": "germ_pzkpfw_III_ausf_E",
        "objLayer": 1,
        "closed_waypoints": false,
        "isShipSpline": false,
        "shipTurnRadius": 100.0,
        "wayPoints": "direction03_01",
        "weapons": "",
        "bullets0": "",
        "bullets1": "",
        "bullets2": "",
        "bullets3": "",
        "bulletsCount0": 100,
        "bulletsCount1": 0,
        "bulletsCount2": 0,
        "bulletsCount3": 0,
        "props": {
          "army": 2,
          "count": 16,
          "formation_type": "rows",
          "formation_div": 2,
          "formation_step": [6.0,7.0],
          "formation_noise": [-0.4,-0.3],
          "uniqueName": "",
          "attack_type": "fire_at_will"
        },
        "way": []
      }
    },
    {
      "tankModels": {
        "name": "w6_tanks05_med_heavy",
        "tm": [
          [-0.36031,0.0,-0.932833],
          [0.0,1.0,0.0],
          [0.932833,0.0,-0.36031],
          [1433.78,25.7484,3425.91]
        ],
        "unit_class": "germ_pzkpfw_IV_ausf_E",
        "objLayer": 1,
        "closed_waypoints": false,
        "isShipSpline": false,
        "shipTurnRadius": 100.0,
        "wayPoints": "direction02_01",
        "weapons": "",
        "bullets0": "",
        "bullets1": "",
        "bullets2": "",
        "bullets3": "",
        "bulletsCount0": 100,
        "bulletsCount1": 0,
        "bulletsCount2": 0,
        "bulletsCount3": 0,
        "props": {
          "army": 2,
          "count": 16,
          "formation_type": "rows",
          "formation_div": 2,
          "formation_step": [4.0,6.0],
          "formation_noise": [-0.4,-0.3],
          "uniqueName": "",
          "attack_type": "fire_at_will"
        },
        "way": []
      }
    },
    {
      "tankModels": {
        "name": "w4_tanks02_med",
        "tm": [
          [0.771025,0.0,-0.636806],
          [0.0,1.0,0.0],
          [0.636806,0.0,0.771025],
          [440.06,31.8784,3544.21]
        ],
        "unit_class": "germ_pzkpfw_III_ausf_E",
        "objLayer": 1,
        "closed_waypoints": false,
        "isShipSpline": false,
        "shipTurnRadius": 100.0,
        "wayPoints": "direction04_01",
        "weapons": "",
        "bullets0": "",
        "bullets1": "",
        "bullets2": "",
        "bullets3": "",
        "bulletsCount0": 100,
        "bulletsCount1": 0,
        "bulletsCount2": 0,
        "bulletsCount3": 0,
        "props": {
          "army": 2,
          "count": 16,
          "formation_type": "rows",
          "formation_div": 2,
          "formation_step": [7.0,8.0],
          "formation_noise": [-0.4,-0.3],
          "uniqueName": "",
          "attack_type": "fire_at_will"
        },
        "way": []
      }
    },
    {
      "tankModels": {
        "name": "w6_tanks03_med",
        "tm": [
          [0.877449,0.0,-0.479668],
          [0.0,1.0,0.0],
          [0.479668,0.0,0.877449],
          [381.423,42.3871,3561.86]
        ],
        "unit_class": "germ_pzkpfw_III_ausf_E",
        "objLayer": 1,
        "closed_waypoints": false,
        "isShipSpline": false,
        "shipTurnRadius": 100.0,
        "wayPoints": "direction04_01",
        "weapons": "",
        "bullets0": "",
        "bullets1": "",
        "bullets2": "",
        "bullets3": "",
        "bulletsCount0": 100,
        "bulletsCount1": 0,
        "bulletsCount2": 0,
        "bulletsCount3": 0,
        "props": {
          "army": 2,
          "count": 16,
          "formation_type": "rows",
          "formation_div": 2,
          "formation_step": [8.0,4.0],
          "formation_noise": [-0.2,-0.1],
          "uniqueName": "",
          "attack_type": "fire_at_will"
        },
        "way": []
      }
    },
    {
      "tankModels": {
        "name": "w6_tanks06_med_heavy",
        "tm": [
          [0.99644,0.0,0.0843021],
          [0.0,1.0,0.0],
          [-0.0843021,0.0,0.99644],
          [357.818,-5.8149,2227.86]
        ],
        "unit_class": "germ_pzkpfw_IV_ausf_E",
        "objLayer": 1,
        "closed_waypoints": false,
        "isShipSpline": false,
        "shipTurnRadius": 100.0,
        "wayPoints": "direction01_01",
        "weapons": "",
        "bullets0": "",
        "bullets1": "",
        "bullets2": "",
        "bullets3": "",
        "bulletsCount0": 100,
        "bulletsCount1": 0,
        "bulletsCount2": 0,
        "bulletsCount3": 0,
        "props": {
          "army": 2,
          "count": 16,
          "formation_type": "rows",
          "formation_div": 2,
          "formation_step": [5.0,6.0],
          "formation_noise": [-0.2,-0.1],
          "uniqueName": "",
          "attack_type": "fire_at_will"
        },
        "way": []
      }
    },
    {
      "tankModels": {
        "name": "w4_tanks03_med",
        "tm": [
          [0.557148,0.0,0.830413],
          [0.0,1.0,0.0],
          [-0.830413,0.0,0.557148],
          [1251.69,14.8398,1262.06]
        ],
        "unit_class": "germ_pzkpfw_III_ausf_E",
        "objLayer": 1,
        "closed_waypoints": false,
        "isShipSpline": false,
        "shipTurnRadius": 100.0,
        "wayPoints": "direction03_02",
        "weapons": "",
        "bullets0": "",
        "bullets1": "",
        "bullets2": "",
        "bullets3": "",
        "bulletsCount0": 100,
        "bulletsCount1": 0,
        "bulletsCount2": 0,
        "bulletsCount3": 0,
        "props": {
          "army": 2,
          "count": 16,
          "formation_type": "rows",
          "formation_div": 2,
          "formation_step": [7.0,7.0],
          "formation_noise": [-0.2,-0.1],
          "uniqueName": "",
          "attack_type": "fire_at_will"
        },
        "way": []
      }
    },
    {
      "squad": {
        "name": "wave05",
        "tm": [
          [0.935187,0.0,0.354153],
          [0.0,1.0,0.0],
          [-0.354153,0.0,0.935187],
          [-2358.05,441.25,1583.95]
        ],
        "props": [
          {
            "squad_members": "w5_tanks01_med"
          },
          {
            "squad_members": "w5_tanks02_med"
          },
          {
            "squad_members": "w5_tanks03_med"
          }
        ]
      }
    },
    {
      "squad": {
        "name": "wave06",
        "tm": [
          [0.935187,0.0,0.354153],
          [0.0,1.0,0.0],
          [-0.354153,0.0,0.935187],
          [-2317.35,441.25,1479.65]
        ],
        "props": [
          {
            "squad_members": "w6_tanks04_med_heavy"
          },
          {
            "squad_members": "w6_tanks01_med"
          },
          {
            "squad_members": "w6_tanks05_med_heavy"
          },
          {
            "squad_members": "w6_tanks02_med"
          },
          {
            "squad_members": "w6_tanks06_med_heavy"
          },
          {
            "squad_members": "w6_tanks03_med"
          }
        ]
      }
    },
    {
      "squad": {
        "name": "wave07",
        "tm": [
          [0.935187,0.0,0.354153],
          [0.0,1.0,0.0],
          [-0.354153,0.0,0.935187],
          [-2241.25,441.25,1294.75]
        ],
        "props": [
          {
            "squad_members": "w7_tanks01_med"
          },
          {
            "squad_members": "w7_tanks02_med_heavy"
          }
        ]
      }
    },
    {
      "squad": {
        "name": "wave08",
        "tm": [
          [0.935187,0.0,0.354153],
          [0.0,1.0,0.0],
          [-0.354153,0.0,0.935187],
          [-2185.75,441.25,1252.6]
        ],
        "props": [
          {
            "squad_members": "w8_tanks01_med"
          },
          {
            "squad_members": "w8_tanks02_med_heavy"
          }
        ]
      }
    },
    {
      "tankModels": {
        "name": "w9_tanks01_med",
        "tm": [
          [0.928793,0.0,0.3706],
          [0.0,1.0,0.0],
          [-0.3706,0.0,0.928793],
          [638.02,8.41667,1844.75]
        ],
        "unit_class": "germ_pzkpfw_III_ausf_E",
        "objLayer": 1,
        "closed_waypoints": false,
        "isShipSpline": false,
        "shipTurnRadius": 100.0,
        "wayPoints": "direction01_02",
        "weapons": "",
        "bullets0": "",
        "bullets1": "",
        "bullets2": "",
        "bullets3": "",
        "bulletsCount0": 100,
        "bulletsCount1": 0,
        "bulletsCount2": 0,
        "bulletsCount3": 0,
        "props": {
          "army": 2,
          "count": 16,
          "formation_type": "rows",
          "formation_div": 2,
          "formation_step": [6.0,6.0],
          "formation_noise": [-0.2,-0.1],
          "uniqueName": "",
          "attack_type": "fire_at_will"
        },
        "way": []
      }
    },
    {
      "tankModels": {
        "name": "w9_tanks03_med_heavy",
        "tm": [
          [-0.696706,0.0,0.717357],
          [0.0,1.0,0.0],
          [-0.717357,0.0,-0.696706],
          [2008.07,15.5224,1694.17]
        ],
        "unit_class": "germ_pzkpfw_IV_ausf_E",
        "objLayer": 1,
        "closed_waypoints": false,
        "isShipSpline": false,
        "shipTurnRadius": 100.0,
        "wayPoints": "direction03_01",
        "weapons": "",
        "bullets0": "",
        "bullets1": "",
        "bullets2": "",
        "bullets3": "",
        "bulletsCount0": 100,
        "bulletsCount1": 0,
        "bulletsCount2": 0,
        "bulletsCount3": 0,
        "props": {
          "army": 2,
          "count": 16,
          "formation_type": "rows",
          "formation_div": 2,
          "formation_step": [4.0,6.0],
          "formation_noise": [-0.2,-0.1],
          "uniqueName": "",
          "attack_type": "fire_at_will"
        },
        "way": []
      }
    },
    {
      "tankModels": {
        "name": "w7_tanks01_med",
        "tm": [
          [-0.118007,0.0,-0.993013],
          [0.0,1.0,0.0],
          [0.993013,0.0,-0.118007],
          [1371.01,23.9999,3421.82]
        ],
        "unit_class": "germ_pzkpfw_III_ausf_E",
        "objLayer": 1,
        "closed_waypoints": false,
        "isShipSpline": false,
        "shipTurnRadius": 100.0,
        "wayPoints": "direction02_01",
        "weapons": "",
        "bullets0": "",
        "bullets1": "",
        "bullets2": "",
        "bullets3": "",
        "bulletsCount0": 100,
        "bulletsCount1": 0,
        "bulletsCount2": 0,
        "bulletsCount3": 0,
        "props": {
          "army": 2,
          "count": 16,
          "formation_type": "rows",
          "formation_div": 2,
          "formation_step": [8.0,5.0],
          "formation_noise": [-0.2,-0.1],
          "uniqueName": "",
          "attack_type": "fire_at_will"
        },
        "way": []
      }
    },
    {
      "tankModels": {
        "name": "w9_tanks02_med",
        "tm": [
          [0.850328,0.0,0.526253],
          [0.0,1.0,0.0],
          [-0.526253,0.0,0.850328],
          [648.154,9.41294,1833.99]
        ],
        "unit_class": "germ_pzkpfw_III_ausf_E",
        "objLayer": 1,
        "closed_waypoints": false,
        "isShipSpline": false,
        "shipTurnRadius": 100.0,
        "wayPoints": "direction01_02",
        "weapons": "",
        "bullets0": "",
        "bullets1": "",
        "bullets2": "",
        "bullets3": "",
        "bulletsCount0": 100,
        "bulletsCount1": 0,
        "bulletsCount2": 0,
        "bulletsCount3": 0,
        "props": {
          "army": 2,
          "count": 16,
          "formation_type": "rows",
          "formation_div": 2,
          "formation_step": [5.0,6.0],
          "formation_noise": [-0.2,-0.1],
          "uniqueName": "",
          "attack_type": "fire_at_will"
        },
        "way": []
      }
    },
    {
      "tankModels": {
