{
  "selected_tag": "",
  "bin_dump_file": "",
  "mission_settings": {
    "atmosphere": {
      "pressure": 760.0,
      "temperature": 15.0
    },
    "player": [
      {
        "army": 1
      },
      {
        "wing": "t1_player01"
      },
      {
        "wing": "t1_player02"
      },
      {
        "wing": "t1_player03"
      },
      {
        "wing": "t1_player04"
      },
      {
        "wing": "t1_player05"
      },
      {
        "wing": "t1_player06"
      },
      {
        "wing": "t1_player07"
      },
      {
        "wing": "t1_player08"
      },
      {
        "wing": "t1_player09"
      },
      {
        "wing": "t1_player10"
      },
      {
        "wing": "t1_player11"
      },
      {
        "wing": "t1_player12"
      },
      {
        "wing": "t1_player13"
      },
      {
        "wing": "t1_player14"
      },
      {
        "wing": "t1_player15"
      },
      {
        "wing": "t1_player16"
      },
      {
        "wing": "t1_player17"
      },
      {
        "wing": "t1_player18"
      },
      {
        "wing": "t1_player19"
      },
      {
        "wing": "t1_player20"
      },
      {
        "wing": "t1_player21"
      },
      {
        "wing": "t1_player22"
      },
      {
        "wing": "t1_player23"
      },
      {
        "wing": "t1_player24"
      },
      {
        "wing": "t1_player25"
      },
      {
        "wing": "t1_player26"
      },
      {
        "wing": "t1_player27"
      },
      {
        "wing": "t1_player28"
      },
      {
        "wing": "t1_player29"
      },
      {
        "wing": "t1_player30"
      },
      {
        "wing": "t1_player31"
      },
      {
        "wing": "t1_player32"
      }
    ],
    "player_teamB": [
      {
        "army": 2
      },
      {
        "wing": "t2_player01"
      },
      {
        "wing": "t2_player02"
      },
      {
        "wing": "t2_player03"
      },
      {
        "wing": "t2_player04"
      },
      {
        "wing": "t2_player05"
      },
      {
        "wing": "t2_player06"
      },
      {
        "wing": "t2_player07"
      },
      {
        "wing": "t2_player08"
      },
      {
        "wing": "t2_player09"
      },
      {
        "wing": "t2_player10"
      },
      {
        "wing": "t2_player11"
      },
      {
        "wing": "t2_player12"
      },
      {
        "wing": "t2_player13"
      },
      {
        "wing": "t2_player14"
      },
      {
        "wing": "t2_player15"
      },
      {
        "wing": "t2_player16"
      },
      {
        "wing": "t2_player17"
      },
      {
        "wing": "t2_player18"
      },
      {
        "wing": "t2_player19"
      },
      {
        "wing": "t2_player20"
      },
      {
        "wing": "t2_player21"
      },
      {
        "wing": "t2_player22"
      },
      {
        "wing": "t2_player23"
      },
      {
        "wing": "t2_player24"
      },
      {
        "wing": "t2_player25"
      },
      {
        "wing": "t2_player26"
      },
      {
        "wing": "t2_player27"
      },
      {
        "wing": "t2_player28"
      },
      {
        "wing": "t2_player29"
      },
      {
        "wing": "t2_player30"
      },
      {
        "wing": "t2_player31"
      },
      {
        "wing": "t2_player32"
      },
      {
        "wing": "t2_player33"
      }
    ],
    "mission": {
      "name": "ladoga_frontline_BfD_norespawn",
      "type": "domination",
      "level": "levels/air_ladoga.bin",
      "campaign": "UserMissions",
      "restoreType": "attempts",
      "optionalTakeOff": false,
      "missionDebriefing": "",
      "missionBriefing": "",
      "environment": "Day",
      "weather": "hazy",
      "chapter": "base_dom",
      "locName": "missions/ladoga_frontline_BfD_norespawn",
      "locDesc": "missions/_frontline_BfD_norespawn/desc",
      "scoreLimit": 5000,
      "timeLimit": 60,
      "deathPenaltyMul": 0.1,
      "allowEmptyTeams": true,
      "country_axis": "germany",
      "country_allies": "ussr",
      "missionType": {
        "_Dom": false,
        "_Conq": false,
        "_CnvA": false,
        "_CnvB": false,
        "_ArtDA": false,
        "_ArtDB": false,
        "_Bttl": false,
        "_DBttlA": false,
        "_DBttlB": false,
        "_Bto": false,
        "_Flc": false,
        "_v1_race_straight": false,
        "_v1_race_inverted": false,
        "_v2_race_straight": false,
        "_v2_race_inverted": false,
        "_Conq1": false,
        "_Conq2": false,
        "_Conq3": false,
        "_Conq4": false,
        "_Conq5": false,
        "_Conq6": false
      },
      "tags": [],
      "allowedUnitTypes": {
        "isAirplanesAllowed": true,
        "isTanksAllowed": false,
        "isShipsAllowed": false
      }
    },
    "spectator_points": [],
    "cover_points": [],
    "aiParams": {
      "aiEffectivenessViscosity": 90.0,
      "effectivenessDistances": [2500.0,7000.0]
    }
  },
  "imports": [
    {
      "import_record": {
        "file": "gameData/missions/templates/air_templates/air_frontline_base_logic_template.blk",
        "importAreas": true,
        "importUnits": true,
        "importTriggers": true,
        "importMissionObjectives": true,
        "importWayPoints": true,
        "showAreas": true,
        "showUnits": true,
        "showTriggers": true,
        "showMissionObjectives": true,
        "showWayPoints": true,
        "excludes": []
      }
    },
    {
      "import_record": {
        "file": "gameData/missions/templates/destroy_bomb_areas_template.blk",
        "importAreas": true,
        "importUnits": true,
        "importTriggers": true,
        "importMissionObjectives": true,
        "importWayPoints": true,
        "showAreas": true,
        "showUnits": true,
        "showTriggers": true,
        "showMissionObjectives": true,
        "showWayPoints": true,
        "excludes": []
      }
    },
    {
      "import_record": {
        "file": "gameData/missions/templates/destroy_airfield_zone_template.blk",
        "importAreas": true,
        "importUnits": true,
        "importTriggers": true,
        "importMissionObjectives": true,
        "importWayPoints": true,
        "showAreas": true,
        "showUnits": true,
        "showTriggers": true,
        "showMissionObjectives": true,
        "showWayPoints": true,
        "excludes": []
      }
    },
    {
      "import_record": {
        "file": "gameData/missions/templates/air_templates/air_frontline_units_death_template.blk",
        "importAreas": true,
        "importUnits": true,
        "importTriggers": true,
        "importMissionObjectives": true,
        "importWayPoints": true,
        "showAreas": true,
        "showUnits": true,
        "showTriggers": true,
        "showMissionObjectives": true,
        "showWayPoints": true,
        "excludes": []
      }
    },
    {
      "import_record": {
        "file": "gameData/missions/templates/gs_objectives_template.blk",
        "importAreas": true,
        "importUnits": true,
        "importTriggers": true,
        "importMissionObjectives": true,
        "importWayPoints": true,
        "showAreas": true,
        "showUnits": true,
        "showTriggers": true,
        "showMissionObjectives": true,
        "showWayPoints": true,
        "excludes": []
      }
    },
    {
      "import_record": {
        "file": "gameData/missions/templates/air_templates/rb_air_spawns_template.blk",
        "importAreas": true,
        "importUnits": true,
        "importTriggers": true,
        "importMissionObjectives": true,
        "importWayPoints": true,
        "showAreas": true,
        "showUnits": true,
        "showTriggers": true,
        "showMissionObjectives": true,
        "showWayPoints": true,
        "excludes": []
      }
    }
  ],
  "triggers": {
    "isCategory": true,
    "is_enabled": true,
    "mission_init": {
      "is_enabled": true,
      "comments": "",
      "props": {
        "actionsType": "PERFORM_ONE_BY_ONE",
        "conditionsType": "ALL",
        "enableAfterComplete": false
      },
      "events": {
        "initMission": []
      },
      "conditions": [],
      "actions": [
        {
          "unitSetProperties": [
            {
              "object_marking": 0
            },
            {
              "object_var_name": ""
            },
            {
              "object_var_comp_op": "equal"
            },
            {
              "object_var_value": 0
            },
            {
              "object": "t1_mguns_squad"
            },
            {
              "object": "t2_mguns_squad"
            },
            {
              "object": "t1_artillery_squad"
            },
            {
              "object": "t2_artillery_squad"
            },
            {
              "object": "t1_tanks_squad"
            },
            {
              "object": "t2_tanks_squad"
            },
            {
              "accuracy": 0.0
            },
            {
              "effShootingRate": 0.0
            }
          ]
        },
        {
          "unitSetProperties": [
            {
              "object_marking": 0
            },
            {
              "object_var_name": ""
            },
            {
              "object_var_comp_op": "equal"
            },
            {
              "object_var_value": 0
            },
            {
              "object": "t1_big_aaa_squad"
            },
            {
              "object": "t2_big_aaa_squad"
            },
            {
              "object": "t1_small_aaa_squad"
            },
            {
              "object": "t2_small_aaa_squad"
            },
            {
              "accuracy": 0.3
            },
            {
              "effShootingRate": 0.3
            }
          ]
        },
        {
          "__missionMarkAsRespawnPoint": {
            "loc_name": "missions/airfield_spawn",
            "spawnEffect": false,
            "isAirfield": true,
            "isUnit": false,
            "radius": -1.0,
            "isStrictSpawn": false,
            "useExisting": false,
            "isIndividual": false,
            "removeAreas": false,
            "canSpawnOnNeutral": false,
            "showOnMap": true,
            "onlyOnePlayerPerSpawnPoint": false,
            "separate_fuel_time": false,
            "modular_airfield": false,
            "target": "t1_airfield",
            "team": "A",
            "offset": [0.0,0.0,0.0],
            "tags": {
              "type_bomber": false,
              "type_assault": false,
              "tank": false
            }
          }
        },
        {
          "__missionMarkAsRespawnPoint": {
            "loc_name": "missions/airfield_spawn",
            "spawnEffect": false,
            "isAirfield": true,
            "isUnit": false,
            "radius": -1.0,
            "isStrictSpawn": false,
            "useExisting": false,
            "isIndividual": false,
            "removeAreas": false,
            "canSpawnOnNeutral": false,
            "showOnMap": true,
            "onlyOnePlayerPerSpawnPoint": false,
            "separate_fuel_time": false,
            "modular_airfield": false,
            "target": "t2_airfield",
            "team": "B",
            "offset": [0.0,0.0,0.0],
            "tags": {
              "type_bomber": false,
              "type_assault": false,
              "tank": false
            }
          }
        },
        {
          "unitSetIndication": {
            "set": true,
            "target_marking": 0,
            "object_var_name": "",
            "object_var_comp_op": "equal",
            "object_var_value": 0,
            "target": "t1_quest_units_squad",
            "team": "B"
          }
        },
        {
          "unitSetIndication": {
            "set": true,
            "target_marking": 0,
            "object_var_name": "",
            "object_var_comp_op": "equal",
            "object_var_value": 0,
            "target": "t2_quest_units_squad",
            "team": "A"
          }
        },
        {
          "varSetReal": {
            "value": 1200.0,
            "var": "historical_destroy_timer"
          }
        },
        {
          "varSetBool": {
            "value": true,
            "var": "isBombingZonesAffect"
          }
        },
        {
          "__varSetBool": {
            "value": true,
            "var": "force_air_spawn"
          }
        },
        {
          "__varSetInt": {
            "value": 4,
            "var": "max_bomb_areas"
          }
        }
      ],
      "else_actions": []
    }
  },
  "mission_objectives": {
    "isCategory": true,
    "is_enabled": true
  },
  "variables": [],
  "dialogs": [],
  "airfields": [],
  "effects": [],
  "units": [
    {
      "objectGroups": {
        "name": "trench_01",
        "tm": [
          [0.07933,0.0,-0.996848],
          [0.0,1.0,0.0],
          [0.996848,0.0,0.07933],
          [-5707.3,22.3655,1669.87]
        ],
        "unit_class": "dynTrench_long_a",
        "objLayer": 2,
        "props": {
          "army": 0,
          "active": true
        }
      }
    },
    {
      "objectGroups": {
        "name": "trench_02",
        "tm": [
          [0.07933,0.0,-0.996848],
          [0.0,1.0,0.0],
          [0.996848,0.0,0.07933],
          [-5680.1,28.6164,1250.3]
        ],
        "unit_class": "dynTrench_long_a",
        "objLayer": 2,
        "props": {
          "army": 0,
          "active": true
        }
      }
    },
    {
      "objectGroups": {
        "name": "trench_03",
        "tm": [
          [0.225854,0.0777815,-0.971051],
          [-0.00535616,0.996891,0.0786056],
          [0.974146,-0.0125523,0.225569],
          [-5607.8,31.7357,801.053]
        ],
        "unit_class": "dynTrench_long_b",
        "objLayer": 2,
        "props": {
          "army": 0,
          "active": true
        }
      }
    },
    {
      "objectGroups": {
        "name": "trench_04",
        "tm": [
          [0.225854,0.0406213,-0.973314],
          [-0.00535616,0.999167,0.0404574],
          [0.974146,-0.00392427,0.225884],
          [-5579.3,32.0288,650.644]
        ],
        "unit_class": "dynTrench_long_b",
        "objLayer": 2,
        "props": {
          "army": 0,
          "active": true
        }
      }
    },
    {
      "objectGroups": {
        "name": "trench_05",
        "tm": [
          [0.225854,-0.00716731,-0.974135],
          [-0.00535616,0.999949,-0.00859907],
          [0.974146,0.00715976,0.225804],
          [-5515.5,32.6227,359.543]
        ],
        "unit_class": "dynTrench_long_a",
        "objLayer": 2,
        "props": {
          "army": 0,
          "active": true
        }
      }
    },
    {
      "objectGroups": {
        "name": "trench_06",
        "tm": [
          [0.47871,-0.0295014,-0.877477],
          [0.0141287,0.999565,-0.0258981],
          [0.877859,2.22045e-16,0.478919],
          [-5763.93,28.8201,-1379.07]
        ],
        "unit_class": "dynTrench_long_b",
        "objLayer": 2,
        "props": {
          "army": 0,
          "active": true
        }
      }
    },
    {
      "objectGroups": {
        "name": "trench_07",
        "tm": [
          [-0.132536,-0.00440992,-0.991168],
          [-0.0239604,0.999712,-0.001244],
          [0.990889,0.023584,-0.132603],
          [-5706.73,32.4055,-3252.97]
        ],
        "unit_class": "dynTrench_long_a",
        "objLayer": 2,
        "props": {
          "army": 0,
          "active": true
        }
      }
    },
    {
      "objectGroups": {
        "name": "trench_08",
        "tm": [
          [-0.242463,-0.00701841,-0.970135],
          [-0.0239604,0.999712,-0.001244],
          [0.969865,0.0229432,-0.242561],
          [-5791.03,32.4506,-3670.87]
        ],
        "unit_class": "dynTrench_long_a",
        "objLayer": 2,
        "props": {
          "army": 0,
          "active": true
        }
      }
    },
    {
      "objectGroups": {
        "name": "trench_09",
        "tm": [
          [0.289008,0.0254904,-0.956987],
          [-0.0296738,0.999404,0.0176588],
          [0.956867,0.0232939,0.289592],
          [-5840.31,32.6247,-4348.33]
        ],
        "unit_class": "dynTrench_long_a",
        "objLayer": 2,
        "props": {
          "army": 0,
          "active": true
        }
      }
    },
    {
      "objectGroups": {
        "name": "trench_10",
        "tm": [
          [0.568853,0.0126106,-0.822343],
          [-0.0239604,0.999712,-0.001244],
          [0.82209,0.0204114,0.568992],
          [-5564.51,34.5581,-4832.13]
        ],
        "unit_class": "dynTrench_long_a",
        "objLayer": 2,
        "props": {
          "army": 0,
          "active": true
        }
      }
    },
    {
      "objectGroups": {
        "name": "trench_11",
        "tm": [
          [0.0667638,0.000358546,-0.997769],
          [-0.0239604,0.999712,-0.001244],
          [0.997481,0.02399,0.0667532],
          [-5438.81,39.7866,-5098.93]
        ],
        "unit_class": "dynTrench_long_b",
        "objLayer": 2,
        "props": {
          "army": 0,
          "active": true
        }
      }
    },
    {
      "objectGroups": {
        "name": "trench_12",
        "tm": [
          [0.203972,0.00367045,-0.97897],
          [-0.0239604,0.999712,-0.001244],
          [0.978684,0.0237103,0.204001],
          [-6143.32,32.9642,-9604.65]
        ],
        "unit_class": "dynTrench_long_a",
        "objLayer": 2,
        "props": {
          "army": 0,
          "active": true
        }
      }
    },
    {
      "objectGroups": {
        "name": "trench_13",
        "tm": [
          [0.0729441,0.00050721,-0.997336],
          [-0.0239604,0.999712,-0.001244],
          [0.997048,0.0239874,0.0729354],
          [-6099.32,32.0689,-9903.25]
        ],
        "unit_class": "dynTrench_long_b",
        "objLayer": 2,
        "props": {
          "army": 0,
          "active": true
        }
      }
    },
    {
      "objectGroups": {
        "name": "trench_14",
        "tm": [
          [0.0529877,0.0148846,-0.998484],
          [-0.0247502,0.999602,0.0135878],
          [0.998289,0.0239927,0.0533351],
          [-6058.02,31.8204,-10351.1]
        ],
        "unit_class": "dynTrench_long_a",
        "objLayer": 2,
        "props": {
          "army": 0,
          "active": true
        }
      }
    },
    {
      "objectGroups": {
        "name": "trench_15",
        "tm": [
          [0.0533495,3.60359e-05,-0.998576],
          [-0.0239604,0.999712,-0.001244],
          [0.998289,0.0239927,0.0533351],
          [-6041.62,31.3698,-10759.9]
        ],
        "unit_class": "dynTrench_long_a",
        "objLayer": 2,
        "props": {
          "army": 0,
          "active": true
        }
      }
    },
    {
      "objectGroups": {
        "name": "trench_17",
        "tm": [
          [-0.0692895,0.00233639,-0.997594],
          [-0.023598,0.999714,0.00398041],
          [0.997318,0.023817,-0.0692144],
          [-6051.52,30.6857,-11178.7]
        ],
        "unit_class": "dynTrench_long_a",
        "objLayer": 2,
        "props": {
          "army": 0,
          "active": true
        }
      }
    },
    {
      "objectGroups": {
        "name": "trench_18",
        "tm": [
          [0.20457,0.00368495,-0.978845],
          [-0.0239604,0.999712,-0.001244],
          [0.978559,0.023708,0.2046],
          [-6054.52,30.2218,-11462.7]
        ],
        "unit_class": "dynTrench_long_b",
        "objLayer": 2,
        "props": {
          "army": 0,
          "active": true
        }
      }
    },
    {
      "objectGroups": {
        "name": "trench_16",
        "tm": [
          [0.0533495,3.60359e-05,-0.998576],
          [-0.0239604,0.999712,-0.001244],
          [0.998289,0.0239927,0.0533351],
          [-6043.72,29.6801,-11827.6]
        ],
        "unit_class": "dynTrench_long_a",
        "objLayer": 2,
        "props": {
          "army": 0,
          "active": true
        }
      }
    },
    {
      "objectGroups": {
        "name": "trench_19",
        "tm": [
          [-0.0706383,-0.00293428,-0.997498],
          [-0.0239604,0.999712,-0.001244],
          [0.997214,0.0238126,-0.0706882],
          [-6050.42,29.9172,-12237.9]
        ],
        "unit_class": "dynTrench_long_a",
        "objLayer": 2,
        "props": {
          "army": 0,
          "active": true
        }
      }
    },
    {
      "objectGroups": {
        "name": "trench_20",
        "tm": [
          [0.335851,0.0068774,-0.94189],
          [-0.0239604,0.999712,-0.001244],
          [0.94161,0.0229859,0.33592],
          [-6004.02,29.0372,-12623.1]
        ],
        "unit_class": "dynTrench_long_a",
        "objLayer": 2,
        "props": {
          "army": 0,
          "active": true
        }
      }
    },
    {
      "objectGroups": {
        "name": "trench_21",
        "tm": [
          [-0.0279746,0.0,-0.999609],
          [0.0,1.0,0.0],
          [0.999609,0.0,-0.0279746],
          [-5536.2,21.8937,1693.11]
        ],
        "unit_class": "dynTrench_long_a",
        "objLayer": 2,
        "props": {
          "army": 0,
          "active": true
        }
      }
    },
    {
      "objectGroups": {
        "name": "trench_22",
        "tm": [
          [0.07933,0.0,-0.996848],
          [0.0,1.0,0.0],
          [0.996848,0.0,0.07933],
          [-5528.2,29.4061,1181.38]
        ],
        "unit_class": "dynTrench_long_a",
        "objLayer": 2,
        "props": {
          "army": 0,
          "active": true
        }
      }
    },
    {
      "objectGroups": {
        "name": "trench_23",
        "tm": [
          [0.017751,0.000411022,-0.999842],
          [-0.00438895,0.99999,0.00033316],
          [0.999833,0.00438234,0.0177526],
          [-5544.6,25.2666,1424.38]
        ],
        "unit_class": "dynTrench_long_b",
        "objLayer": 2,
        "props": {
          "army": 0,
          "active": true
        }
      }
    },
    {
      "objectGroups": {
        "name": "trench_24",
        "tm": [
          [0.225854,0.0406213,-0.973314],
          [0.0157218,0.998848,0.0453352],
          [0.974034,-0.0255414,0.224956],
          [-5425.9,32.0512,631.403]
        ],
        "unit_class": "dynTrench_long_b",
        "objLayer": 2,
        "props": {
          "army": 0,
          "active": true
        }
      }
    },
    {
      "objectGroups": {
        "name": "trench_25",
        "tm": [
          [0.225854,-0.00716731,-0.974135],
          [-0.00535616,0.999949,-0.00859907],
          [0.974146,0.00715976,0.225804],
          [-5364.1,32.6366,344.524]
        ],
        "unit_class": "dynTrench_long_a",
        "objLayer": 2,
        "props": {
          "army": 0,
          "active": true
        }
      }
    },
    {
      "objectGroups": {
        "name": "trench_26",
        "tm": [
          [0.478675,0.0318291,-0.877414],
          [-0.0152436,0.999494,0.0279415],
          [0.877859,2.22045e-16,0.478919],
          [-5597.86,24.2218,-1310.37]
        ],
        "unit_class": "dynTrench_long_a",
        "objLayer": 2,
        "props": {
          "army": 0,
          "active": true
        }
      }
    },
    {
      "objectGroups": {
        "name": "trench_27",
        "tm": [
          [-0.132536,-0.00440992,-0.991168],
          [-0.0239604,0.999712,-0.001244],
          [0.990889,0.023584,-0.132603],
          [-5537.93,32.3973,-3252.97]
        ],
        "unit_class": "dynTrench_long_a",
        "objLayer": 2,
        "props": {
          "army": 0,
          "active": true
        }
      }
    },
    {
      "objectGroups": {
        "name": "trench_28",
        "tm": [
          [-0.242463,-0.00701841,-0.970135],
          [-0.0239604,0.999712,-0.001244],
          [0.969865,0.0229432,-0.242561],
          [-5622.23,32.4715,-3670.87]
        ],
        "unit_class": "dynTrench_long_a",
        "objLayer": 2,
        "props": {
          "army": 0,
          "active": true
        }
      }
    },
    {
      "objectGroups": {
        "name": "trench_29",
        "tm": [
          [0.288856,0.0304923,-0.956887],
          [-0.03112,0.999264,0.0224485],
          [0.956867,0.0232939,0.289592],
          [-5651.41,32.5905,-4340.83]
        ],
        "unit_class": "dynTrench_long_a",
        "objLayer": 2,
        "props": {
          "army": 0,
          "active": true
        }
      }
    },
    {
      "objectGroups": {
        "name": "trench_30",
        "tm": [
          [0.568853,0.0126106,-0.822343],
          [-0.0239604,0.999712,-0.001244],
          [0.82209,0.0204114,0.568992],
          [-5461.11,32.884,-4754.43]
        ],
        "unit_class": "dynTrench_long_a",
        "objLayer": 2,
        "props": {
          "army": 0,
          "active": true
        }
      }
    },
    {
      "objectGroups": {
        "name": "trench_32",
        "tm": [
          [0.101736,0.00120041,-0.994811],
          [-0.0239604,0.999712,-0.001244],
          [0.994523,0.0239627,0.101735],
          [-5983.92,29.5211,-9597.15]
        ],
        "unit_class": "dynTrench_long_a",
        "objLayer": 2,
        "props": {
          "army": 0,
          "active": true
        }
      }
    },
    {
      "objectGroups": {
        "name": "trench_33",
        "tm": [
          [0.194183,0.00343339,-0.980959],
          [-0.0239604,0.999712,-0.001244],
          [0.980673,0.0237458,0.19421],
          [-5959.12,31.2942,-9900.45]
        ],
        "unit_class": "dynTrench_long_a",
        "objLayer": 2,
        "props": {
          "army": 0,
          "active": true
        }
      }
    },
    {
      "objectGroups": {
        "name": "trench_34",
        "tm": [
          [0.0533495,3.60359e-05,-0.998576],
          [-0.0239604,0.999712,-0.001244],
          [0.998289,0.0239927,0.0533351],
          [-5903.22,31.6878,-10359.1]
        ],
        "unit_class": "dynTrench_long_a",
        "objLayer": 2,
        "props": {
          "army": 0,
          "active": true
        }
      }
    },
    {
      "objectGroups": {
        "name": "trench_35",
        "tm": [
          [0.0533495,3.60359e-05,-0.998576],
          [-0.0239604,0.999712,-0.001244],
          [0.998289,0.0239927,0.0533351],
          [-5887.92,31.3548,-10767.9]
        ],
        "unit_class": "dynTrench_long_a",
        "objLayer": 2,
        "props": {
          "army": 0,
          "active": true
        }
      }
    },
    {
      "objectGroups": {
        "name": "trench_36",
        "tm": [
          [-0.0692895,0.00233639,-0.997594],
          [-0.023598,0.999714,0.00398041],
          [0.997318,0.023817,-0.0692144],
          [-5897.92,30.6768,-11183.0]
        ],
        "unit_class": "dynTrench_long_a",
        "objLayer": 2,
        "props": {
          "army": 0,
          "active": true
        }
      }
    },
    {
      "objectGroups": {
        "name": "trench_37",
        "tm": [
          [0.20457,0.00368495,-0.978845],
          [-0.0239604,0.999712,-0.001244],
          [0.978559,0.023708,0.2046],
          [-5878.52,30.0874,-11543.6]
        ],
        "unit_class": "dynTrench_long_a",
        "objLayer": 2,
        "props": {
          "army": 0,
          "active": true
        }
      }
    },
    {
      "objectGroups": {
        "name": "trench_38",
        "tm": [
          [0.0533495,3.60359e-05,-0.998576],
          [-0.0239604,0.999712,-0.001244],
          [0.998289,0.0239927,0.0533351],
          [-5863.92,29.5517,-11871.4]
        ],
        "unit_class": "dynTrench_long_a",
        "objLayer": 2,
        "props": {
          "army": 0,
          "active": true
        }
      }
    },
    {
      "objectGroups": {
        "name": "trench_39",
        "tm": [
          [-0.0706383,-0.00293428,-0.997498],
          [-0.0239604,0.999712,-0.001244],
          [0.997214,0.0238126,-0.0706882],
          [-5874.72,29.1169,-12279.8]
        ],
        "unit_class": "dynTrench_long_a",
        "objLayer": 2,
        "props": {
          "army": 0,
          "active": true
        }
      }
    },
    {
      "objectGroups": {
        "name": "trench_40",
        "tm": [
          [0.335851,0.0068774,-0.94189],
          [-0.0239604,0.999712,-0.001244],
          [0.94161,0.0229859,0.33592],
          [-5828.32,26.2468,-12665.0]
        ],
        "unit_class": "dynTrench_long_a",
        "objLayer": 2,
        "props": {
          "army": 0,
          "active": true
        }
      }
    },
    {
      "objectGroups": {
        "name": "trench_41",
        "tm": [
          [0.99955,6.18868e-05,0.0300098],
          [-5.18244e-05,1.0,-0.000335951],
          [-0.0300099,0.000334242,0.99955],
          [-5617.1,22.5476,1618.8]
        ],
        "unit_class": "dynTrench_long_b",
        "objLayer": 2,
        "props": {
          "army": 0,
          "active": true
        }
      }
    },
    {
      "objectGroups": {
        "name": "trench_42",
        "tm": [
          [0.99955,6.18868e-05,0.0300098],
          [-5.18244e-05,1.0,-0.000335951],
          [-0.0300099,0.000334242,0.99955],
          [-5600.6,29.528,1185.34]
        ],
        "unit_class": "dynTrench_long_b",
        "objLayer": 2,
        "props": {
          "army": 0,
          "active": true
        }
      }
    },
    {
      "objectGroups": {
        "name": "trench_43",
        "tm": [
          [0.992644,0.000419001,0.121068],
          [0.0011465,0.999917,-0.0128608],
          [-0.121063,0.012905,0.992561],
          [-5440.2,32.5198,405.263]
        ],
        "unit_class": "dynTrench_long_b",
        "objLayer": 2,
        "props": {
          "army": 0,
          "active": true
        }
      }
    },
    {
      "objectGroups": {
        "name": "trench_44",
        "tm": [
          [0.828291,-0.0158397,0.560075],
          [0.029569,0.999443,-0.0154638],
          [-0.559518,0.0293694,0.828298],
          [-5681.02,26.2527,-1329.74]
        ],
        "unit_class": "dynTrench_long_b",
        "objLayer": 2,
        "props": {
          "army": 0,
          "active": true
        }
      }
    },
    {
      "objectGroups": {
        "name": "trench_45",
        "tm": [
          [0.974913,-0.00542848,-0.222522],
          [-0.000220051,0.999679,-0.0253515],
          [0.222588,0.0247645,0.974598],
          [-5629.33,32.4031,-3304.37]
        ],
        "unit_class": "dynTrench_long_b",
        "objLayer": 2,
        "props": {
          "army": 0,
          "active": true
        }
      }
    },
    {
      "objectGroups": {
        "name": "trench_46",
        "tm": [
          [0.974913,-0.00542848,-0.222522],
          [-0.000220051,0.999679,-0.0253515],
          [0.222588,0.0247645,0.974598],
          [-5699.13,32.4592,-3661.57]
        ],
        "unit_class": "dynTrench_long_b",
        "objLayer": 2,
        "props": {
          "army": 0,
          "active": true
        }
      }
    },
    {
      "objectGroups": {
        "name": "trench_47",
        "tm": [
          [0.99665,-0.00602914,-0.0815681],
          [0.00980635,0.998894,0.0459865],
          [0.0812005,-0.0466323,0.995606],
          [-5753.41,32.5996,-4285.33]
        ],
        "unit_class": "dynTrench_long_b",
        "objLayer": 2,
        "props": {
          "army": 0,
          "active": true
        }
      }
    },
    {
      "objectGroups": {
        "name": "trench_48",
        "tm": [
          [0.942542,-0.0149283,0.333754],
          [0.00929575,0.999786,0.018467],
          [-0.333958,-0.0143034,0.94248],
          [-5509.81,32.7659,-4734.13]
        ],
        "unit_class": "dynTrench_long_b",
        "objLayer": 2,
        "props": {
          "army": 0,
          "active": true
        }
      }
    },
    {
      "objectGroups": {
        "name": "trench_31",
        "tm": [
          [0.987665,-0.0182662,0.155511],
          [0.017655,0.99983,0.00531073],
          [-0.155582,-0.00249966,0.98782],
          [-6045.52,31.0267,-9591.75]
        ],
        "unit_class": "dynTrench_long_b",
        "objLayer": 2,
        "props": {
          "army": 0,
          "active": true
        }
      }
    },
    {
      "objectGroups": {
        "name": "trench_49",
        "tm": [
          [0.987665,-0.0182662,0.155511],
          [0.017655,0.99983,0.00531073],
          [-0.155582,-0.00249966,0.98782],
          [-5996.32,31.7103,-9987.06]
        ],
        "unit_class": "dynTrench_long_b",
        "objLayer": 2,
        "props": {
          "army": 0,
          "active": true
        }
      }
    },
    {
      "objectGroups": {
        "name": "trench_50",
        "tm": [
          [0.987665,-0.0182662,0.155511],
          [0.017655,0.99983,0.00531073],
          [-0.155582,-0.00249966,0.98782],
          [-5962.52,31.82,-10340.0]
        ],
        "unit_class": "dynTrench_long_b",
        "objLayer": 2,
        "props": {
          "army": 0,
          "active": true
        }
      }
    },
    {
      "objectGroups": {
        "name": "trench_51",
        "tm": [
          [0.987665,-0.0182662,0.155511],
          [0.017655,0.99983,0.00531073],
          [-0.155582,-0.00249966,0.98782],
          [-5948.42,31.2971,-10803.7]
        ],
        "unit_class": "dynTrench_long_b",
        "objLayer": 2,
        "props": {
          "army": 0,
          "active": true
        }
      }
    },
    {
      "objectGroups": {
        "name": "trench_52",
        "tm": [
          [0.987665,-0.0182662,0.155511],
          [0.017655,0.99983,0.00531073],
          [-0.155582,-0.00249966,0.98782],
          [-5954.02,30.7258,-11153.4]
        ],
        "unit_class": "dynTrench_long_b",
        "objLayer": 2,
        "props": {
          "army": 0,
          "active": true
        }
      }
    },
    {
      "objectGroups": {
        "name": "trench_53",
        "tm": [
          [0.987665,-0.0182662,0.155511],
          [0.017655,0.99983,0.00531073],
          [-0.155582,-0.00249966,0.98782],
          [-5952.62,30.1225,-11522.7]
        ],
        "unit_class": "dynTrench_long_b",
        "objLayer": 2,
        "props": {
          "army": 0,
          "active": true
        }
      }
    },
    {
      "objectGroups": {
        "name": "trench_54",
        "tm": [
          [0.998319,-0.0173345,-0.0553112],
          [0.017655,0.99983,0.00531073],
          [0.0552098,-0.0062783,0.998455],
          [-5932.02,29.5331,-11946.4]
        ],
        "unit_class": "dynTrench_long_b",
        "objLayer": 2,
        "props": {
          "army": 0,
          "active": true
        }
      }
    },
    {
      "objectGroups": {
        "name": "trench_55",
        "tm": [
          [0.999242,-0.0178284,0.0346035],
          [0.017655,0.99983,0.00531073],
          [-0.0346922,-0.00469576,0.999387],
          [-5955.02,29.2416,-12370.9]
        ],
        "unit_class": "dynTrench_long_b",
        "objLayer": 2,
        "props": {
          "army": 0,
          "active": true
        }
      }
    },
    {
      "objectGroups": {
        "name": "trench_56",
        "tm": [
          [0.07933,0.00658056,-0.996827],
          [0.0,0.999978,0.00660136],
          [0.996848,-0.000523686,0.0793283],
          [-4828.6,21.8961,1725.77]
        ],
        "unit_class": "dynTrench_long_a",
        "objLayer": 2,
        "props": {
          "army": 0,
          "active": true
        }
      }
    },
    {
      "objectGroups": {
        "name": "trench_57",
        "tm": [
          [0.07933,-0.00420178,-0.99684],
          [0.0,0.999991,-0.00421506],
          [0.996848,0.000334381,0.0793293],
          [-4801.4,28.2787,1306.21]
        ],
        "unit_class": "dynTrench_long_a",
        "objLayer": 2,
        "props": {
          "army": 0,
          "active": true
        }
      }
    },
    {
      "objectGroups": {
        "name": "trench_59",
        "tm": [
          [0.113046,0.0399985,-0.992784],
          [-0.00173168,0.999196,0.0400599],
          [0.993588,-0.0028094,0.113024],
          [-4698.5,31.4951,703.934]
        ],
        "unit_class": "dynTrench_long_b",
        "objLayer": 2,
        "props": {
          "army": 0,
          "active": true
        }
      }
    },
    {
      "objectGroups": {
        "name": "trench_60",
        "tm": [
          [0.225913,-0.00669629,-0.974125],
          [0.00146317,0.999977,-0.0065347],
          [0.974146,5.09606e-05,0.225918],
          [-4648.5,32.2847,417.193]
        ],
        "unit_class": "dynTrench_long_a",
        "objLayer": 2,
        "props": {
          "army": 0,
          "active": true
        }
      }
    },
    {
      "objectGroups": {
        "name": "trench_62",
        "tm": [
          [-0.132536,-0.00440992,-0.991168],
          [-0.0239604,0.999712,-0.001244],
          [0.990889,0.023584,-0.132603],
          [-4328.9,32.7386,-3470.05]
        ],
        "unit_class": "dynTrench_long_a",
        "objLayer": 2,
        "props": {
          "army": 0,
          "active": true
        }
      }
    },
    {
      "objectGroups": {
        "name": "trench_63",
        "tm": [
          [-0.242463,-0.00701841,-0.970135],
          [-0.0239604,0.999712,-0.001244],
          [0.969865,0.0229432,-0.242561],
          [-4411.1,17.0141,-3907.35]
        ],
        "unit_class": "dynTrench_long_a",
        "objLayer": 2,
        "props": {
          "army": 0,
          "active": true
        }
      }
    },
    {
      "objectGroups": {
        "name": "trench_64",
        "tm": [
          [0.0969371,0.0204606,-0.99508],
          [-0.0296738,0.999404,0.0176588],
          [0.994848,0.027816,0.0974865],
          [-4445.4,32.2293,-4307.56]
        ],
        "unit_class": "dynTrench_long_a",
        "objLayer": 2,
        "props": {
          "army": 0,
          "active": true
        }
      }
    },
    {
      "objectGroups": {
        "name": "trench_65",
        "tm": [
          [0.3009,0.0126106,-0.953572],
          [-0.0232608,0.999712,0.00588081],
          [0.953372,0.0204114,0.301107],
          [-4357.4,31.6523,-4724.15]
        ],
        "unit_class": "dynTrench_long_a",
        "objLayer": 2,
        "props": {
          "army": 0,
          "active": true
        }
      }
    },
    {
      "objectGroups": {
        "name": "trench_66",
        "tm": [
          [-0.0856913,0.000358546,-0.996322],
          [-0.0238711,0.999712,0.00241288],
          [0.996036,0.02399,-0.085658],
          [-4313.9,34.6325,-5142.15]
        ],
        "unit_class": "dynTrench_long_a",
        "objLayer": 2,
        "props": {
          "army": 0,
          "active": true
        }
      }
    },
    {
      "objectGroups": {
        "name": "trench_69",
        "tm": [
          [-0.323305,-0.0124709,-0.946213],
          [-0.0563561,0.998392,0.00609738],
          [0.944615,0.0552961,-0.323488],
          [-4679.81,2.79586,-10045.9]
        ],
        "unit_class": "dynTrench_long_a",
        "objLayer": 2,
        "props": {
          "army": 0,
          "active": true
        }
      }
    },
    {
      "objectGroups": {
        "name": "trench_70",
        "tm": [
          [-0.325544,0.0226304,-0.945257],
          [0.0227048,0.999612,0.0161122],
          [0.945255,-0.0162166,-0.325932],
          [-4824.12,3.8395,-10456.5]
        ],
        "unit_class": "dynTrench_long_a",
        "objLayer": 2,
        "props": {
          "army": 0,
          "active": true
        }
      }
    },
    {
      "objectGroups": {
        "name": "trench_71",
        "tm": [
          [-0.437882,0.0123262,-0.898948],
          [-0.0160173,0.999641,0.0215089],
          [0.898891,0.023817,-0.437527],
          [-4990.12,8.04841,-10853.0]
        ],
        "unit_class": "dynTrench_long_a",
        "objLayer": 2,
        "props": {
          "army": 0,
          "active": true
        }
      }
    },
    {
      "objectGroups": {
        "name": "trench_73",
        "tm": [
          [-0.152221,-0.00337824,-0.98834],
