{
  "selected_tag": "",
  "bin_dump_file": "",
  "mission_settings": {
    "atmosphere": {
      "pressure": 760.0,
      "temperature": 0.0
    },
    "player": {
      "army": 1,
      "wing": "armada_01"
    },
    "player_teamB": {
      "army": 2
    },
    "mission": {
      "name": "untitled",
      "level": "levels/guadalcanal.bin",
      "type": "campaign",
      "restoreType": "attempts",
      "optionalTakeOff": false,
      "campaign": "pacific",
      "environment": "Day",
      "weather": "hazy",
      "missionDebriefing": "",
      "missionBriefing": "",
      "windDirection": [1.0,0.0,0.0],
      "tags": []
    },
    "cover_points": [],
    "aiParams": {
      "aiEffectivenessViscosity": 90.0,
      "effectivenessDistances": [2500.0,7000.0]
    }
  },
  "imports": [],
  "triggers": {
    "isCategory": true,
    "is_enabled": true
  },
  "mission_objectives": {
    "isCategory": true,
    "is_enabled": true
  },
  "variables": [],
  "dialogs": [],
  "airfields": [],
  "effects": [],
  "units": [
    {
      "structures": {
        "name": "bridge_01",
        "tm": [
          [0.34202,0.0,0.939693],
          [0.0,1.0,0.0],
          [-0.939693,0.0,0.34202],
          [-16485.2,-1.75,577.6]
        ],
        "closed_waypoints": false,
        "unit_class": "beton_rail_br",
        "weapons": "",
        "props": {
          "army": 0,
          "count": 1,
          "formation_type": "rows",
          "formation_div": 3,
          "formation_step": [2.5,2.0],
          "formation_noise": [0.1,0.1],
          "attack_type": "fire_at_will",
          "uniqueName": "",
          "stealthRadius": 0.0,
          "setStealth": true,
          "targetableByAi": false
        },
        "way": []
      }
    },
    {
      "structures": {
        "name": "bridge_02",
        "tm": [
          [0.34202,0.0,0.939693],
          [0.0,1.0,0.0],
          [-0.939693,0.0,0.34202],
          [-16405.1,-1.75,548.45]
        ],
        "closed_waypoints": false,
        "unit_class": "beton_rail_br",
        "weapons": "",
        "props": {
          "army": 0,
          "count": 1,
          "formation_type": "rows",
          "formation_div": 3,
          "formation_step": [2.5,2.0],
          "formation_noise": [0.1,0.1],
          "attack_type": "fire_at_will",
          "uniqueName": "",
          "stealthRadius": 0.0,
          "setStealth": true,
          "targetableByAi": false
        },
        "way": []
      }
    },
    {
      "structures": {
        "name": "bridge_03",
        "tm": [
          [0.5373,0.0,-0.843391],
          [0.0,1.0,0.0],
          [0.843391,0.0,0.5373],
          [-23660.3,-2.8,-4798.7]
        ],
        "closed_waypoints": false,
        "unit_class": "beton_road_br",
        "weapons": "",
        "props": {
          "army": 0,
          "count": 1,
          "formation_type": "rows",
          "formation_div": 3,
          "formation_step": [2.5,2.0],
          "formation_noise": [0.1,0.1],
          "attack_type": "fire_at_will",
          "uniqueName": "",
          "stealthRadius": 0.0,
          "setStealth": true,
          "targetableByAi": false
        },
        "way": []
      }
    },
    {
      "structures": {
        "name": "bridge_04",
        "tm": [
          [0.67559,0.0,-0.737277],
          [0.0,1.0,0.0],
          [0.737277,0.0,0.67559],
          [-25818.6,-3.4,-18028.8]
        ],
        "closed_waypoints": false,
        "unit_class": "beton_rail_br",
        "weapons": "",
        "props": {
          "army": 0,
          "count": 1,
          "formation_type": "rows",
          "formation_div": 3,
          "formation_step": [2.5,2.0],
          "formation_noise": [0.1,0.1],
          "attack_type": "fire_at_will",
          "uniqueName": "",
          "stealthRadius": 0.0,
          "setStealth": true,
          "targetableByAi": false
        },
        "way": []
      }
    },
    {
      "structures": {
        "name": "bridge_05",
        "tm": [
          [0.976296,0.0,-0.21644],
          [0.0,1.0,0.0],
          [0.21644,0.0,0.976296],
          [-28495.2,-12.1,-20038.8]
        ],
        "closed_waypoints": false,
        "unit_class": "beton_road_br",
        "weapons": "",
        "props": {
          "army": 0,
          "count": 1,
          "formation_type": "rows",
          "formation_div": 3,
          "formation_step": [2.5,2.0],
          "formation_noise": [0.1,0.1],
          "attack_type": "fire_at_will",
          "uniqueName": "",
          "stealthRadius": 0.0,
          "setStealth": true,
          "targetableByAi": false
        },
        "way": []
      }
    },
    {
      "structures": {
        "name": "bridge_06",
        "tm": [
          [0.999048,0.0,0.0436194],
          [0.0,1.0,0.0],
          [-0.0436194,0.0,0.999048],
          [-19517.8,-1.15,-23503.6]
        ],
        "closed_waypoints": false,
        "unit_class": "beton_road_br",
        "weapons": "",
        "props": {
          "army": 0,
          "count": 1,
          "formation_type": "rows",
          "formation_div": 3,
          "formation_step": [2.5,2.0],
          "formation_noise": [0.1,0.1],
          "attack_type": "fire_at_will",
          "uniqueName": "",
          "stealthRadius": 0.0,
          "setStealth": true,
          "targetableByAi": false
        },
        "way": []
      }
    },
    {
      "structures": {
        "name": "bridge_07",
        "tm": [
          [0.999048,0.0,0.0436194],
          [0.0,1.0,0.0],
          [-0.0436194,0.0,0.999048],
          [-19514.3,-1.15,-23589.0]
        ],
        "closed_waypoints": false,
        "unit_class": "beton_road_br",
        "weapons": "",
        "props": {
          "army": 0,
          "count": 1,
          "formation_type": "rows",
          "formation_div": 3,
          "formation_step": [2.5,2.0],
          "formation_noise": [0.1,0.1],
          "attack_type": "fire_at_will",
          "uniqueName": "",
          "stealthRadius": 0.0,
          "setStealth": true,
          "targetableByAi": false
        },
        "way": []
      }
    },
    {
      "structures": {
        "name": "bridge_08",
        "tm": [
          [0.999048,0.0,0.0436194],
          [0.0,1.0,0.0],
          [-0.0436194,0.0,0.999048],
          [-19510.5,-1.15,-23674.3]
        ],
        "closed_waypoints": false,
        "unit_class": "beton_road_br",
        "weapons": "",
        "props": {
          "army": 0,
          "count": 1,
          "formation_type": "rows",
          "formation_div": 3,
          "formation_step": [2.5,2.0],
          "formation_noise": [0.1,0.1],
          "attack_type": "fire_at_will",
          "uniqueName": "",
          "stealthRadius": 0.0,
          "setStealth": true,
          "targetableByAi": false
        },
        "way": []
      }
    },
    {
      "structures": {
        "name": "bridge_09",
        "tm": [
          [-0.204358,0.0,0.978896],
          [0.0,1.0,0.0],
          [-0.978896,0.0,-0.204358],
          [4849.75,-2.6,-29074.7]
        ],
        "closed_waypoints": false,
        "unit_class": "beton_rail_br",
        "weapons": "",
        "props": {
          "army": 0,
          "count": 1,
          "formation_type": "rows",
          "formation_div": 3,
          "formation_step": [2.5,2.0],
          "formation_noise": [0.1,0.1],
          "attack_type": "fire_at_will",
          "uniqueName": "",
          "stealthRadius": 0.0,
          "setStealth": true,
          "targetableByAi": false
        },
        "way": []
      }
    },
    {
      "structures": {
        "name": "bridge_10",
        "tm": [
          [0.988481,0.0,0.151348],
          [0.0,1.0,0.0],
          [-0.151348,0.0,0.988481],
          [7547.55,-3.1,-20020.5]
        ],
        "closed_waypoints": false,
        "unit_class": "beton_road_br",
        "weapons": "",
        "props": {
          "army": 0,
          "count": 1,
          "formation_type": "rows",
          "formation_div": 3,
          "formation_step": [2.5,2.0],
          "formation_noise": [0.1,0.1],
          "attack_type": "fire_at_will",
          "uniqueName": "",
          "stealthRadius": 0.0,
          "setStealth": true,
          "targetableByAi": false
        },
        "way": []
      }
    },
    {
      "structures": {
        "name": "bridge_11",
        "tm": [
          [0.793124,0.0,0.60906],
          [0.0,1.0,0.0],
          [-0.60906,0.0,0.793124],
          [24877.6,-2.2,-23502.5]
        ],
        "closed_waypoints": false,
        "unit_class": "beton_rail_br",
        "weapons": "",
        "props": {
          "army": 0,
          "count": 1,
          "formation_type": "rows",
          "formation_div": 3,
          "formation_step": [2.5,2.0],
          "formation_noise": [0.1,0.1],
          "attack_type": "fire_at_will",
          "uniqueName": "",
          "stealthRadius": 0.0,
          "setStealth": true,
          "targetableByAi": false
        },
        "way": []
      }
    },
    {
      "structures": {
        "name": "bridge_12",
        "tm": [
          [-0.0289268,0.0,0.999582],
          [0.0,1.0,0.0],
          [-0.999582,0.0,-0.0289268],
          [24028.8,-3.4,-17859.6]
        ],
        "closed_waypoints": false,
        "unit_class": "rail_simple_br",
        "weapons": "",
        "props": {
          "army": 0,
          "count": 1,
          "formation_type": "rows",
          "formation_div": 3,
          "formation_step": [2.5,2.0],
          "formation_noise": [0.1,0.1],
          "attack_type": "fire_at_will",
          "uniqueName": "",
          "stealthRadius": 0.0,
          "setStealth": true,
          "targetableByAi": false
        },
        "way": []
      }
    },
    {
      "structures": {
        "name": "bridge_13",
        "tm": [
          [0.996939,0.0,0.0781816],
          [0.0,1.0,0.0],
          [-0.0781816,0.0,0.996939],
          [-11801.1,-3.65,25279.0]
        ],
        "closed_waypoints": false,
        "unit_class": "beton_road_br",
        "weapons": "",
        "props": {
          "army": 0,
          "count": 1,
          "formation_type": "rows",
          "formation_div": 3,
          "formation_step": [2.5,2.0],
          "formation_noise": [0.1,0.1],
          "attack_type": "fire_at_will",
          "uniqueName": "",
          "stealthRadius": 0.0,
          "setStealth": true,
          "targetableByAi": false
        },
        "way": []
      }
    },
    {
      "structures": {
        "name": "bridge_14",
        "tm": [
          [0.788326,0.0,-0.615258],
          [0.0,1.0,0.0],
          [0.615258,0.0,0.788326],
          [-17313.5,-3.35,30085.1]
        ],
        "closed_waypoints": false,
        "unit_class": "beton_road_br",
        "weapons": "",
        "props": {
          "army": 0,
          "count": 1,
          "formation_type": "rows",
          "formation_div": 3,
          "formation_step": [2.5,2.0],
          "formation_noise": [0.1,0.1],
          "attack_type": "fire_at_will",
          "uniqueName": "",
          "stealthRadius": 0.0,
          "setStealth": true,
          "targetableByAi": false
        },
        "way": []
      }
    },
    {
      "structures": {
        "name": "bridge_15",
        "tm": [
          [0.908658,0.0,0.417541],
          [0.0,1.0,0.0],
          [-0.417541,0.0,0.908658],
          [-13160.3,-3.85,2728.85]
        ],
        "closed_waypoints": false,
        "unit_class": "rail_simple_br",
        "weapons": "",
        "props": {
          "army": 0,
          "count": 1,
          "formation_type": "rows",
          "formation_div": 3,
          "formation_step": [2.5,2.0],
          "formation_noise": [0.1,0.1],
          "attack_type": "fire_at_will",
          "uniqueName": "",
          "stealthRadius": 0.0,
          "setStealth": true,
          "targetableByAi": false
        },
        "way": []
      }
    },
    {
      "structures": {
        "name": "bridge_16",
        "tm": [
          [0.843328,0.0,-0.537399],
          [0.0,1.0,0.0],
          [0.537399,0.0,0.843328],
          [-11858.8,0.65,-24212.1]
        ],
        "closed_waypoints": false,
        "unit_class": "beton_road_br",
        "weapons": "",
        "props": {
          "army": 0,
          "count": 1,
          "formation_type": "rows",
          "formation_div": 3,
          "formation_step": [2.5,2.0],
          "formation_noise": [0.1,0.1],
          "attack_type": "fire_at_will",
          "uniqueName": "",
          "stealthRadius": 0.0,
          "setStealth": true,
          "targetableByAi": false
        },
        "way": []
      }
    },
    {
      "structures": {
        "name": "bridge_17",
        "tm": [
          [0.998104,0.0,0.0615476],
          [0.0,1.0,0.0],
          [-0.0615476,0.0,0.998104],
          [-13249.2,-2.05,-26642.5]
        ],
        "closed_waypoints": false,
        "unit_class": "beton_road_br",
        "weapons": "",
        "props": {
          "army": 0,
          "count": 1,
          "formation_type": "rows",
          "formation_div": 3,
          "formation_step": [2.5,2.0],
          "formation_noise": [0.1,0.1],
          "attack_type": "fire_at_will",
          "uniqueName": "",
          "stealthRadius": 0.0,
          "setStealth": true,
          "targetableByAi": false
        },
        "way": []
      }
    },
    {
      "structures": {
        "name": "bridge_18",
        "tm": [
          [0.151498,0.0,0.988458],
          [0.0,1.0,0.0],
          [-0.988458,0.0,0.151498],
          [-20040.3,-1.5,-16566.1]
        ],
        "closed_waypoints": false,
        "unit_class": "beton_road_br",
        "weapons": "",
        "props": {
          "army": 0,
          "count": 1,
          "formation_type": "rows",
          "formation_div": 3,
          "formation_step": [2.5,2.0],
          "formation_noise": [0.1,0.1],
          "attack_type": "fire_at_will",
          "uniqueName": "",
          "stealthRadius": 0.0,
          "setStealth": true,
          "targetableByAi": false
        },
        "way": []
      }
    },
    {
      "structures": {
        "name": "bridge_19",
        "tm": [
          [0.99928,0.0,0.0379449],
          [0.0,1.0,0.0],
          [-0.0493284,0.0,1.29906],
          [7275.35,-0.25,-14861.5]
        ],
        "closed_waypoints": false,
        "unit_class": "beton_road_br",
        "weapons": "",
        "props": {
          "army": 0,
          "count": 1,
          "formation_type": "rows",
          "formation_div": 3,
          "formation_step": [2.5,2.0],
          "formation_noise": [0.1,0.1],
          "attack_type": "fire_at_will",
          "uniqueName": "",
          "stealthRadius": 0.0,
          "setStealth": true,
          "targetableByAi": false
        },
        "way": []
      }
    },
    {
      "structures": {
        "name": "bridge_20",
        "tm": [
          [0.942275,0.0,-0.334839],
          [0.0,1.0,0.0],
          [0.435291,0.0,1.22496],
          [16630.6,1.2,-29691.8]
        ],
        "closed_waypoints": false,
        "unit_class": "bridge_road_br",
        "weapons": "",
        "props": {
          "army": 0,
          "count": 1,
          "formation_type": "rows",
          "formation_div": 3,
          "formation_step": [2.5,2.0],
          "formation_noise": [0.1,0.1],
          "attack_type": "fire_at_will",
          "uniqueName": "",
          "stealthRadius": 0.0,
          "setStealth": true,
          "targetableByAi": false
        },
        "way": []
      }
    },
    {
      "structures": {
        "name": "bridge_21",
        "tm": [
          [1.0,0.0,0.0],
          [0.0,1.0,0.0],
          [0.0,0.0,1.0],
          [-9279.85,-1.35,-16361.8]
        ],
        "closed_waypoints": false,
        "unit_class": "bridge_rail_br",
        "weapons": "",
        "props": {
          "army": 0,
          "count": 1,
          "formation_type": "rows",
          "formation_div": 3,
          "formation_step": [2.5,2.0],
          "formation_noise": [0.1,0.1],
          "attack_type": "fire_at_will",
          "uniqueName": "",
          "stealthRadius": 0.0,
          "setStealth": true,
          "targetableByAi": false
        },
        "way": []
      }
    },
    {
      "structures": {
        "name": "bridge_22",
        "tm": [
          [0.940789,0.0,0.338992],
          [0.0,1.0,0.0],
          [-0.338992,0.0,0.940789],
          [-8793.25,-1.7,-18165.8]
        ],
        "closed_waypoints": false,
        "unit_class": "bridge_rail_br",
        "weapons": "",
        "props": {
          "army": 0,
          "count": 1,
          "formation_type": "rows",
          "formation_div": 3,
          "formation_step": [2.5,2.0],
          "formation_noise": [0.1,0.1],
          "attack_type": "fire_at_will",
          "uniqueName": "",
          "stealthRadius": 0.0,
          "setStealth": true,
          "targetableByAi": false
        },
        "way": []
      }
    },
    {
      "structures": {
        "name": "bridge_23",
        "tm": [
          [0.940789,0.0,0.338992],
          [0.0,1.0,0.0],
          [-0.338992,0.0,0.940789],
          [-8817.2,-1.7,-18099.6]
        ],
        "closed_waypoints": false,
        "unit_class": "bridge_rail_br",
        "weapons": "",
        "props": {
          "army": 0,
          "count": 1,
          "formation_type": "rows",
          "formation_div": 3,
          "formation_step": [2.5,2.0],
          "formation_noise": [0.1,0.1],
          "attack_type": "fire_at_will",
          "uniqueName": "",
          "stealthRadius": 0.0,
          "setStealth": true,
          "targetableByAi": false
        },
        "way": []
      }
    },
    {
      "structures": {
        "name": "bridge_24",
        "tm": [
          [-0.330332,0.0,0.943865],
          [0.0,1.0,0.0],
          [-0.943865,0.0,-0.330332],
          [-8089.4,-1.25,-18864.5]
        ],
        "closed_waypoints": false,
        "unit_class": "bridge_road_br",
        "weapons": "",
        "props": {
          "army": 0,
          "count": 1,
          "formation_type": "rows",
          "formation_div": 3,
          "formation_step": [2.5,2.0],
          "formation_noise": [0.1,0.1],
          "attack_type": "fire_at_will",
          "uniqueName": "",
          "stealthRadius": 0.0,
          "setStealth": true,
          "targetableByAi": false
        },
        "way": []
      }
    },
    {
      "structures": {
        "name": "bridge_25",
        "tm": [
          [-0.330332,0.0,0.943865],
          [0.0,1.0,0.0],
          [-0.943865,0.0,-0.330332],
          [-8155.9,-1.25,-18887.8]
        ],
        "closed_waypoints": false,
        "unit_class": "bridge_road_br",
        "weapons": "",
        "props": {
          "army": 0,
          "count": 1,
          "formation_type": "rows",
          "formation_div": 3,
          "formation_step": [2.5,2.0],
          "formation_noise": [0.1,0.1],
          "attack_type": "fire_at_will",
          "uniqueName": "",
          "stealthRadius": 0.0,
          "setStealth": true,
          "targetableByAi": false
        },
        "way": []
      }
    },
    {
      "structures": {
        "name": "bridge_26",
        "tm": [
          [0.894059,0.0,0.447948],
          [0.0,1.0,0.0],
          [-0.447948,0.0,0.894059],
          [-8961.6,-0.75,-20626.5]
        ],
        "closed_waypoints": false,
        "unit_class": "bridge_rail_br",
        "weapons": "",
        "props": {
          "army": 0,
          "count": 1,
          "formation_type": "rows",
          "formation_div": 3,
          "formation_step": [2.5,2.0],
          "formation_noise": [0.1,0.1],
          "attack_type": "fire_at_will",
          "uniqueName": "",
          "stealthRadius": 0.0,
          "setStealth": true,
          "targetableByAi": false
        },
        "way": []
      }
    },
    {
      "structures": {
        "name": "bridge_27",
        "tm": [
          [0.894059,0.0,0.447948],
          [0.0,1.0,0.0],
          [-0.447948,0.0,0.894059],
          [-8993.0,-0.75,-20563.5]
        ],
        "closed_waypoints": false,
        "unit_class": "bridge_rail_br",
        "weapons": "",
        "props": {
          "army": 0,
          "count": 1,
          "formation_type": "rows",
          "formation_div": 3,
          "formation_step": [2.5,2.0],
          "formation_noise": [0.1,0.1],
          "attack_type": "fire_at_will",
          "uniqueName": "",
          "stealthRadius": 0.0,
          "setStealth": true,
          "targetableByAi": false
        },
        "way": []
      }
    },
    {
      "structures": {
        "name": "bridge_28",
        "tm": [
          [0.634025,0.0,0.773313],
          [0.0,1.0,0.0],
          [-0.773313,0.0,0.634025],
          [10466.6,-7.5,6140.55]
        ],
        "closed_waypoints": false,
        "unit_class": "bridge_road_br",
        "weapons": "",
        "props": {
          "army": 0,
          "count": 1,
          "formation_type": "rows",
          "formation_div": 3,
          "formation_step": [2.5,2.0],
          "formation_noise": [0.1,0.1],
          "attack_type": "fire_at_will",
          "uniqueName": "",
          "stealthRadius": 0.0,
          "setStealth": true,
          "targetableByAi": false
        },
        "way": []
      }
    },
    {
      "structures": {
        "name": "bridge_29",
        "tm": [
          [0.634025,0.0,0.773313],
          [0.0,1.0,0.0],
          [-0.773313,0.0,0.634025],
          [10412.1,-7.5,6185.3]
        ],
        "closed_waypoints": false,
        "unit_class": "bridge_road_br",
        "weapons": "",
        "props": {
          "army": 0,
          "count": 1,
          "formation_type": "rows",
          "formation_div": 3,
          "formation_step": [2.5,2.0],
          "formation_noise": [0.1,0.1],
          "attack_type": "fire_at_will",
          "uniqueName": "",
          "stealthRadius": 0.0,
          "setStealth": true,
          "targetableByAi": false
        },
        "way": []
      }
    },
    {
      "structures": {
        "name": "bridge_30",
        "tm": [
          [0.867597,0.0,0.497268],
          [0.0,1.0,0.0],
          [-0.497268,0.0,0.867597],
          [-4016.2,-6.9,25764.7]
        ],
        "closed_waypoints": false,
        "unit_class": "bridge_road_br",
        "weapons": "",
        "props": {
          "army": 0,
          "count": 1,
          "formation_type": "rows",
          "formation_div": 3,
          "formation_step": [2.5,2.0],
          "formation_noise": [0.1,0.1],
          "attack_type": "fire_at_will",
          "uniqueName": "",
          "stealthRadius": 0.0,
          "setStealth": true,
          "targetableByAi": false
        },
        "way": []
      }
    },
    {
      "structures": {
        "name": "bridge_31",
        "tm": [
          [0.867597,0.0,0.497268],
          [0.0,1.0,0.0],
          [-0.497268,0.0,0.867597],
          [-3981.25,-6.9,25703.8]
        ],
        "closed_waypoints": false,
        "unit_class": "bridge_road_br",
        "weapons": "",
        "props": {
          "army": 0,
          "count": 1,
          "formation_type": "rows",
          "formation_div": 3,
          "formation_step": [2.5,2.0],
          "formation_noise": [0.1,0.1],
          "attack_type": "fire_at_will",
          "uniqueName": "",
          "stealthRadius": 0.0,
          "setStealth": true,
          "targetableByAi": false
        },
        "way": []
      }
    },
    {
      "structures": {
        "name": "bridge_32",
        "tm": [
          [0.941898,0.0,-0.3359],
          [0.0,1.0,0.0],
          [0.43667,0.0,1.22447],
          [19036.3,-1.2,-20210.6]
        ],
        "closed_waypoints": false,
        "unit_class": "bridge_road_br",
        "weapons": "",
        "props": {
          "army": 0,
          "count": 1,
          "formation_type": "rows",
          "formation_div": 3,
          "formation_step": [2.5,2.0],
          "formation_noise": [0.1,0.1],
          "attack_type": "fire_at_will",
          "uniqueName": "",
          "stealthRadius": 0.0,
          "setStealth": true,
          "targetableByAi": false
        },
        "way": []
      }
    },
    {
      "structures": {
        "name": "bridge_33",
        "tm": [
          [0.331098,0.0,-0.943596],
          [0.0,1.0,0.0],
          [0.943596,0.0,0.331098],
          [-8079.7,-8.7,19038.3]
        ],
        "closed_waypoints": false,
        "unit_class": "bridge_road_br",
        "weapons": "",
        "props": {
          "army": 0,
          "count": 1,
          "formation_type": "rows",
          "formation_div": 3,
          "formation_step": [2.5,2.0],
          "formation_noise": [0.1,0.1],
          "attack_type": "fire_at_will",
          "uniqueName": "",
          "stealthRadius": 0.0,
          "setStealth": true,
          "targetableByAi": false
        },
        "way": []
      }
    },
    {
      "structures": {
        "name": "bridge_34",
        "tm": [
          [0.982797,0.0,-0.18469],
          [0.0,1.0,0.0],
          [0.18469,0.0,0.982797],
          [-16396.8,-3.7,-11186.2]
        ],
        "closed_waypoints": false,
        "unit_class": "rail_simple_br",
        "weapons": "",
        "props": {
          "army": 0,
          "count": 1,
          "formation_type": "rows",
          "formation_div": 3,
          "formation_step": [2.5,2.0],
          "formation_noise": [0.1,0.1],
          "attack_type": "fire_at_will",
          "uniqueName": "",
          "stealthRadius": 0.0,
          "setStealth": true,
          "targetableByAi": false
        },
        "way": []
      }
    }
  ],
  "areas": []
}