{
  "selected_tag": "",
  "bin_dump_file": "",
  "mission_settings": {
    "atmosphere": {
      "pressure": 760.0,
      "temperature": 15.0
    },
    "player": [
      {
        "army": 1
      },
      {
        "wing": "t1_player01"
      },
      {
        "wing": "t1_player02"
      },
      {
        "wing": "t1_player03"
      },
      {
        "wing": "t1_player04"
      },
      {
        "wing": "t1_player05"
      },
      {
        "wing": "t1_player06"
      },
      {
        "wing": "t1_player07"
      },
      {
        "wing": "t1_player08"
      },
      {
        "wing": "t1_player09"
      },
      {
        "wing": "t1_player10"
      },
      {
        "wing": "t1_player11"
      },
      {
        "wing": "t1_player12"
      },
      {
        "wing": "t1_player13"
      },
      {
        "wing": "t1_player14"
      },
      {
        "wing": "t1_player15"
      },
      {
        "wing": "t1_player16"
      }
    ],
    "player_teamB": [
      {
        "army": 2
      },
      {
        "wing": "t2_player01"
      },
      {
        "wing": "t2_player02"
      },
      {
        "wing": "t2_player03"
      },
      {
        "wing": "t2_player04"
      },
      {
        "wing": "t2_player05"
      },
      {
        "wing": "t2_player06"
      },
      {
        "wing": "t2_player07"
      },
      {
        "wing": "t2_player08"
      },
      {
        "wing": "t2_player09"
      },
      {
        "wing": "t2_player10"
      },
      {
        "wing": "t2_player11"
      },
      {
        "wing": "t2_player12"
      },
      {
        "wing": "t2_player13"
      },
      {
        "wing": "t2_player14"
      },
      {
        "wing": "t2_player15"
      },
      {
        "wing": "t2_player16"
      },
      {
        "wing": "t2_player17"
      }
    ],
    "mission": [
      {
        "name": "karelia_tm"
      },
      {
        "level": "levels/avg_karelia_forest_a.bin"
      },
      {
        "type": "domination"
      },
      {
        "restoreType": "attempts"
      },
      {
        "optionalTakeOff": false
      },
      {
        "campaign": "pacific"
      },
      {
        "environment": "Day"
      },
      {
        "weather": "hazy"
      },
      {
        "missionDebriefing": ""
      },
      {
        "missionBriefing": ""
      },
      {
        "chapter": "air_ground_battles"
      },
      {
        "scoreLimit": 14000
      },
      {
        "timeLimit": 25
      },
      {
        "deathPenaltyMul": 1.0
      },
      {
        "ctaCaptureZoneEqualPenaltyMul": 0.0
      },
      {
        "remapAiTankModels": true
      },
      {
        "country_axis": "germany"
      },
      {
        "country_allies": "ussr"
      },
      {
        "tags": []
      },
      {
        "missionType": {
          "_Dom": true,
          "_Conq": false,
          "_Bttl": true,
          "_Bto": false,
          "_v1_race_straight": false,
          "_v1_race_inverted": false,
          "_v2_race_straight": false,
          "_v2_race_inverted": false,
          "_Flc": false,
          "_Conq1": true,
          "_Conq2": true,
          "_Conq3": true,
          "_Conq4": false,
          "_Conq5": false,
          "_Conq6": false,
          "_DBttl": false,
          "_DBttlA": true,
          "_DBttlB": true,
          "_CnvA": false,
          "_CnvB": false
        }
      },
      {
        "mission": {
          "postfix": "_Conq",
          "difficulty": "arcade",
          "useAlternativeMapCoord": false,
          "scoreLimit": 14000,
          "randomSpawnTeams": false,
          "remapAiTankModels": true
        }
      },
      {
        "mission": {
          "postfix": "_Conq1",
          "difficulty": "arcade",
          "useAlternativeMapCoord": false,
          "scoreLimit": 14000,
          "randomSpawnTeams": false,
          "remapAiTankModels": true
        }
      },
      {
        "mission": {
          "postfix": "_Conq2",
          "difficulty": "arcade",
          "useAlternativeMapCoord": false,
          "scoreLimit": 14000,
          "randomSpawnTeams": false,
          "remapAiTankModels": true
        }
      },
      {
        "mission": {
          "postfix": "_Conq3",
          "difficulty": "arcade",
          "useAlternativeMapCoord": false,
          "scoreLimit": 14000,
          "randomSpawnTeams": false,
          "remapAiTankModels": true
        }
      },
      {
        "mission": {
          "postfix": "_Conq4",
          "difficulty": "arcade",
          "useAlternativeMapCoord": false,
          "scoreLimit": 14000,
          "randomSpawnTeams": false,
          "remapAiTankModels": true
        }
      },
      {
        "mission": {
          "postfix": "_Conq",
          "difficulty": "realistic",
          "useAlternativeMapCoord": false,
          "scoreLimit": 16000,
          "randomSpawnTeams": true,
          "remapAiTankModels": true
        }
      },
      {
        "mission": {
          "postfix": "_Conq1",
          "difficulty": "realistic",
          "useAlternativeMapCoord": false,
          "scoreLimit": 16000,
          "randomSpawnTeams": true,
          "remapAiTankModels": true
        }
      },
      {
        "mission": {
          "postfix": "_Conq2",
          "difficulty": "realistic",
          "useAlternativeMapCoord": false,
          "scoreLimit": 16000,
          "randomSpawnTeams": true,
          "remapAiTankModels": true
        }
      },
      {
        "mission": {
          "postfix": "_Conq3",
          "difficulty": "realistic",
          "useAlternativeMapCoord": false,
          "scoreLimit": 16000,
          "randomSpawnTeams": true,
          "remapAiTankModels": true
        }
      },
      {
        "mission": {
          "postfix": "_Conq4",
          "difficulty": "realistic",
          "useAlternativeMapCoord": false,
          "scoreLimit": 16000,
          "randomSpawnTeams": true,
          "remapAiTankModels": true
        }
      },
      {
        "mission": {
          "postfix": "_Conq",
          "difficulty": "hardcore",
          "useAlternativeMapCoord": false,
          "scoreLimit": 18000,
          "randomSpawnTeams": true,
          "remapAiTankModels": true
        }
      },
      {
        "mission": {
          "postfix": "_Conq1",
          "difficulty": "hardcore",
          "useAlternativeMapCoord": false,
          "scoreLimit": 18000,
          "randomSpawnTeams": true,
          "remapAiTankModels": true
        }
      },
      {
        "mission": {
          "postfix": "_Conq2",
          "difficulty": "hardcore",
          "useAlternativeMapCoord": false,
          "scoreLimit": 18000,
          "randomSpawnTeams": true,
          "remapAiTankModels": true
        }
      },
      {
        "mission": {
          "postfix": "_Conq3",
          "difficulty": "hardcore",
          "useAlternativeMapCoord": false,
          "scoreLimit": 18000,
          "randomSpawnTeams": true,
          "remapAiTankModels": true
        }
      },
      {
        "mission": {
          "postfix": "_Conq4",
          "difficulty": "hardcore",
          "useAlternativeMapCoord": false,
          "scoreLimit": 18000,
          "randomSpawnTeams": true,
          "remapAiTankModels": true
        }
      },
      {
        "mission": {
          "postfix": "_Dom",
          "difficulty": "arcade",
          "useAlternativeMapCoord": false,
          "scoreLimit": 14000,
          "randomSpawnTeams": false,
          "remapAiTankModels": true
        }
      },
      {
        "mission": {
          "postfix": "_Dom",
          "difficulty": "realistic",
          "useAlternativeMapCoord": false,
          "scoreLimit": 18000,
          "randomSpawnTeams": true,
          "remapAiTankModels": true
        }
      },
      {
        "mission": {
          "postfix": "_Dom",
          "difficulty": "hardcore",
          "useAlternativeMapCoord": false,
          "scoreLimit": 20000,
          "randomSpawnTeams": true,
          "remapAiTankModels": true
        }
      },
      {
        "mission": {
          "postfix": "_Bttl",
          "difficulty": "arcade",
          "useAlternativeMapCoord": false,
          "scoreLimit": 10000,
          "randomSpawnTeams": false,
          "remapAiTankModels": true
        }
      },
      {
        "mission": {
          "postfix": "_Bttl",
          "difficulty": "realistic",
          "useAlternativeMapCoord": false,
          "scoreLimit": 6000,
          "randomSpawnTeams": true,
          "remapAiTankModels": true
        }
      },
      {
        "mission": {
          "postfix": "_Bttl",
          "difficulty": "hardcore",
          "useAlternativeMapCoord": false,
          "scoreLimit": 6000,
          "randomSpawnTeams": true,
          "remapAiTankModels": true
        }
      },
      {
        "mission": {
          "postfix": "_Bto",
          "difficulty": "arcade",
          "useAlternativeMapCoord": false,
          "scoreLimit": 10000,
          "randomSpawnTeams": false,
          "remapAiTankModels": true
        }
      },
      {
        "mission": {
          "postfix": "_Bto",
          "difficulty": "realistic",
          "useAlternativeMapCoord": false,
          "scoreLimit": 6000,
          "randomSpawnTeams": true,
          "remapAiTankModels": true
        }
      },
      {
        "mission": {
          "postfix": "_Bto",
          "difficulty": "hardcore",
          "useAlternativeMapCoord": false,
          "scoreLimit": 6000,
          "randomSpawnTeams": false,
          "remapAiTankModels": true
        }
      }
    ],
    "cover_points": [],
    "aiParams": {
      "aiEffectivenessViscosity": 90.0,
      "effectivenessDistances": [2500.0,7000.0]
    },
    "spectator_points": [
      {
        "spectatorPoint": "spectator_point_island1"
      },
      {
        "spectatorPoint": "spectator_point_island2"
      }
    ],
    "briefing": {
      "place_loc": "",
      "date_loc": "",
      "objective_loc": "",
      "music": "action_01",
      "part": [
        {
          "event": ""
        },
        {
          "minTime": 0
        },
        {
          "slide": [
            {
              "postfix": "_Dom"
            },
            {
              "map": true
            },
            {
              "minTime": 4
            },
            {
              "picture": ""
            },
            {
              "icon": {
                "icontype": "tank",
                "side": "ally",
                "target": "t1_tankSpawn_01"
              }
            },
            {
              "icon": {
                "icontype": "tank",
                "side": "ally",
                "target": "t1_tankSpawn_02"
              }
            },
            {
              "icon": {
                "icontype": "tank",
                "side": "enemy",
                "target": "t2_tankSpawn_01"
              }
            },
            {
              "icon": {
                "icontype": "tank",
                "side": "enemy",
                "target": "t2_tankSpawn_02"
              }
            },
            {
              "icon": {
                "icontype": "basezone_A",
                "side": "neutral",
                "target": "captureZone01"
              }
            },
            {
              "icon": {
                "icontype": "basezone_B",
                "side": "neutral",
                "target": "captureZone02"
              }
            },
            {
              "icon": {
                "icontype": "basezone_C",
                "side": "neutral",
                "target": "captureZone03"
              }
            }
          ]
        },
        {
          "slide": [
            {
              "postfix": "_Bttl"
            },
            {
              "map": true
            },
            {
              "minTime": 4
            },
            {
              "picture": ""
            },
            {
              "icon": {
                "icontype": "tank",
                "side": "ally",
                "target": "t1_tankSpawn_01"
              }
            },
            {
              "icon": {
                "icontype": "tank",
                "side": "ally",
                "target": "t1_tankSpawn_02"
              }
            },
            {
              "icon": {
                "icontype": "tank",
                "side": "enemy",
                "target": "t2_tankSpawn_01"
              }
            },
            {
              "icon": {
                "icontype": "tank",
                "side": "enemy",
                "target": "t2_tankSpawn_02"
              }
            },
            {
              "icon": {
                "icontype": "basezone_A",
                "side": "ally",
                "target": "t1_captureZone"
              }
            },
            {
              "icon": {
                "icontype": "basezone_B",
                "side": "enemy",
                "target": "t2_captureZone"
              }
            }
          ]
        },
        {
          "slide": [
            {
              "postfix": "_Conq1"
            },
            {
              "map": true
            },
            {
              "minTime": 4
            },
            {
              "picture": ""
            },
            {
              "icon": {
                "icontype": "tank",
                "side": "ally",
                "target": "t1_tankSpawn_01"
              }
            },
            {
              "icon": {
                "icontype": "tank",
                "side": "ally",
                "target": "t1_tankSpawn_02"
              }
            },
            {
              "icon": {
                "icontype": "tank",
                "side": "enemy",
                "target": "t2_tankSpawn_01"
              }
            },
            {
              "icon": {
                "icontype": "tank",
                "side": "enemy",
                "target": "t2_tankSpawn_02"
              }
            },
            {
              "icon": {
                "icontype": "basezone_A",
                "side": "neutral",
                "target": "captureZone01"
              }
            }
          ]
        },
        {
          "slide": [
            {
              "postfix": "_Conq2"
            },
            {
              "map": true
            },
            {
              "minTime": 4
            },
            {
              "picture": ""
            },
            {
              "icon": {
                "icontype": "tank",
                "side": "ally",
                "target": "t1_tankSpawn_02"
              }
            },
            {
              "icon": {
                "icontype": "tank",
                "side": "enemy",
                "target": "t2_tankSpawn_01"
              }
            },
            {
              "icon": {
                "icontype": "basezone_A",
                "side": "neutral",
                "target": "captureZone02"
              }
            }
          ]
        },
        {
          "slide": [
            {
              "postfix": "_Conq3"
            },
            {
              "map": true
            },
            {
              "minTime": 4
            },
            {
              "picture": ""
            },
            {
              "icon": {
                "icontype": "tank",
                "side": "ally",
                "target": "t1_tankSpawn_01"
              }
            },
            {
              "icon": {
                "icontype": "tank",
                "side": "enemy",
                "target": "t2_tankSpawn_02"
              }
            },
            {
              "icon": {
                "icontype": "basezone_A",
                "side": "player",
                "target": "captureZone03"
              }
            }
          ]
        },
        {
          "slide": [
            {
              "postfix": "_DBttlA"
            },
            {
              "map": true
            },
            {
              "minTime": 4
            },
            {
              "picture": ""
            },
            {
              "icon": {
                "icontype": "basezone_A",
                "side": "ally",
                "target": "dbttl_t1_capture_area"
              }
            },
            {
              "icon": {
                "icontype": "tank",
                "side": "ally",
                "target": "dbttl_t1_spawn_01"
              }
            },
            {
              "icon": {
                "icontype": "tank",
                "side": "enemy",
                "target": "dbttl_t2_spawn_01"
              }
            }
          ]
        },
        {
          "slide": [
            {
              "postfix": "_DBttlB"
            },
            {
              "difficulty": "hardcore"
            },
            {
              "map": true
            },
            {
              "minTime": 4
            },
            {
              "picture": ""
            },
            {
              "icon": {
                "icontype": "basezone_A",
                "side": "enemy",
                "target": "dbttl_t2_capture_area"
              }
            },
            {
              "icon": {
                "icontype": "tank",
                "side": "enemy",
                "target": "dbttl_t1_spawn_01"
              }
            },
            {
              "icon": {
                "icontype": "tank",
                "side": "ally",
                "target": "dbttl_t2_spawn_01"
              }
            }
          ]
        }
      ]
    }
  },
  "imports": [],
  "triggers": {
    "isCategory": true,
    "is_enabled": true
  },
  "mission_objectives": {
    "isCategory": true,
    "is_enabled": true
  },
  "variables": [],
  "dialogs": [],
  "airfields": [],
  "effects": [],
  "units": [
    {
      "tankModels": {
        "name": "t1_player01",
        "tm": [
          [-0.209113,0.0,-0.97789],
          [0.0,1.0,0.0],
          [0.97789,0.0,-0.209113],
          [4733.15,173.7,-536.8]
        ],
        "unit_class": "uk_a39_tortoise",
        "closed_waypoints": false,
        "weapons": "",
        "bullets0": "",
        "bullets1": "",
        "bullets2": "",
        "bullets3": "",
        "bulletsCount0": 0,
        "bulletsCount1": 0,
        "bulletsCount2": 0,
        "bulletsCount3": 0,
        "props": {
          "army": 2,
          "count": 1,
          "formation_type": "rows",
          "formation_div": 3,
          "formation_step": [2.5,2.0],
          "formation_noise": [0.1,0.1],
          "uniqueName": "",
          "attack_type": "fire_at_will"
        },
        "way": []
      }
    },
    {
      "objectGroups": {
        "name": "objectGroups_09",
        "tm": [
          [0.5,0.0,0.866025],
          [0.0,1.0,0.0],
          [-0.866025,0.0,0.5],
          [4625.9,183.3,-979.0]
        ],
        "unit_class": "czech_hedgehog_dynamic_5blocks",
        "objLayer": 2,
        "props": {
          "army": 2,
          "active": true
        }
      }
    },
    {
      "objectGroups": {
        "name": "objectGroups_11",
        "tm": [
          [0.5,0.0,0.866025],
          [0.0,1.0,0.0],
          [-0.866025,0.0,0.5],
          [4627.26,183.3,-982.243]
        ],
        "unit_class": "czech_hedgehog_dynamic_5blocks",
        "objLayer": 2,
        "props": {
          "army": 2,
          "active": true
        }
      }
    },
    {
      "objectGroups": {
        "name": "objectGroups_12",
        "tm": [
          [0.5,0.0,0.866025],
          [0.0,1.0,0.0],
          [-0.866025,0.0,0.5],
          [4617.68,183.3,-997.718]
        ],
        "unit_class": "czech_hedgehog_dynamic_5blocks",
        "objLayer": 2,
        "props": {
          "army": 2,
          "active": true
        }
      }
    },
    {
      "objectGroups": {
        "name": "objectGroups_08",
        "tm": [
          [0.5,0.0,0.866025],
          [0.0,1.0,0.0],
          [-0.866025,0.0,0.5],
          [4616.44,183.3,-995.328]
        ],
        "unit_class": "czech_hedgehog_dynamic_5blocks",
        "objLayer": 2,
        "props": {
          "army": 2,
          "active": true
        }
      }
    },
    {
      "objectGroups": {
        "name": "objectGroups_18",
        "tm": [
          [0.0871558,0.0,0.996195],
          [0.0,1.0,0.0],
          [-0.996195,0.0,0.0871558],
          [4612.1,183.3,-1018.6]
        ],
        "unit_class": "czech_hedgehog_dynamic_5blocks",
        "objLayer": 2,
        "props": {
          "army": 2,
          "active": true
        }
      }
    },
    {
      "objectGroups": {
        "name": "objectGroups_20",
        "tm": [
          [0.0871558,0.0,0.996195],
          [0.0,1.0,0.0],
          [-0.996195,0.0,0.0871558],
          [4614.7,183.3,-1020.97]
        ],
        "unit_class": "czech_hedgehog_dynamic_5blocks",
        "objLayer": 2,
        "props": {
          "army": 2,
          "active": true
        }
      }
    },
    {
      "objectGroups": {
        "name": "objectGroups_21",
        "tm": [
          [0.0871558,0.0,0.996195],
          [0.0,1.0,0.0],
          [-0.996195,0.0,0.0871558],
          [4612.56,183.3,-1039.04]
        ],
        "unit_class": "czech_hedgehog_dynamic_5blocks",
        "objLayer": 2,
        "props": {
          "army": 2,
          "active": true
        }
      }
    },
    {
      "objectGroups": {
        "name": "objectGroups_17",
        "tm": [
          [0.0871558,0.0,0.996195],
          [0.0,1.0,0.0],
          [-0.996195,0.0,0.0871558],
          [4610.43,183.3,-1037.4]
        ],
        "unit_class": "czech_hedgehog_dynamic_5blocks",
        "objLayer": 2,
        "props": {
          "army": 2,
          "active": true
        }
      }
    },
    {
      "objectGroups": {
        "name": "objectGroups_27",
        "tm": [
          [0.0871558,0.0,0.996195],
          [0.0,1.0,0.0],
          [-0.996195,0.0,0.0871558],
          [4609.6,183.3,-1056.2]
        ],
        "unit_class": "czech_hedgehog_dynamic_5blocks",
        "objLayer": 2,
        "props": {
          "army": 2,
          "active": true
        }
      }
    },
    {
      "objectGroups": {
        "name": "objectGroups_29",
        "tm": [
          [0.0871558,0.0,0.996195],
          [0.0,1.0,0.0],
          [-0.996195,0.0,0.0871558],
          [4612.2,183.3,-1058.57]
        ],
        "unit_class": "czech_hedgehog_dynamic_5blocks",
        "objLayer": 2,
        "props": {
          "army": 2,
          "active": true
        }
      }
    },
    {
      "objectGroups": {
        "name": "objectGroups_30",
        "tm": [
          [0.0871558,0.0,0.996195],
          [0.0,1.0,0.0],
          [-0.996195,0.0,0.0871558],
          [4610.06,183.3,-1076.64]
        ],
        "unit_class": "czech_hedgehog_dynamic_5blocks",
        "objLayer": 2,
        "props": {
          "army": 2,
          "active": true
        }
      }
    },
    {
      "objectGroups": {
        "name": "objectGroups_26",
        "tm": [
          [0.0871558,0.0,0.996195],
          [0.0,1.0,0.0],
          [-0.996195,0.0,0.0871558],
          [4607.93,183.3,-1075.0]
        ],
        "unit_class": "czech_hedgehog_dynamic_5blocks",
        "objLayer": 2,
        "props": {
          "army": 2,
          "active": true
        }
      }
    },
    {
      "objectGroups": {
        "name": "objectGroups_36",
        "tm": [
          [0.887011,0.0,0.461749],
          [0.0,1.0,0.0],
          [-0.461749,0.0,0.887011],
          [4596.8,183.3,-1078.0]
        ],
        "unit_class": "czech_hedgehog_dynamic_5blocks",
        "objLayer": 2,
        "props": {
          "army": 2,
          "active": true
        }
      }
    },
    {
      "objectGroups": {
        "name": "objectGroups_38",
        "tm": [
          [0.887011,0.0,0.461749],
          [0.0,1.0,0.0],
          [-0.461749,0.0,0.887011],
          [4596.2,183.3,-1081.46]
        ],
        "unit_class": "czech_hedgehog_dynamic_5blocks",
        "objLayer": 2,
        "props": {
          "army": 2,
          "active": true
        }
      }
    },
    {
      "objectGroups": {
        "name": "objectGroups_39",
        "tm": [
          [0.887011,0.0,0.461749],
          [0.0,1.0,0.0],
          [-0.461749,0.0,0.887011],
          [4579.81,183.3,-1089.37]
        ],
        "unit_class": "czech_hedgehog_dynamic_5blocks",
        "objLayer": 2,
        "props": {
          "army": 2,
          "active": true
        }
      }
    },
    {
      "objectGroups": {
        "name": "objectGroups_35",
        "tm": [
          [0.887011,0.0,0.461749],
          [0.0,1.0,0.0],
          [-0.461749,0.0,0.887011],
          [4580.05,183.3,-1086.69]
        ],
        "unit_class": "czech_hedgehog_dynamic_5blocks",
        "objLayer": 2,
        "props": {
          "army": 2,
          "active": true
        }
      }
    },
    {
      "objectGroups": {
        "name": "objectGroups_45",
        "tm": [
          [-0.0436194,0.0,0.999048],
          [0.0,1.0,0.0],
          [-0.999048,0.0,-0.0436194],
          [4605.6,181.406,-1109.2]
        ],
        "unit_class": "czech_hedgehog_dynamic_5blocks",
        "objLayer": 2,
        "props": {
          "army": 2,
          "active": true
        }
      }
    },
    {
      "objectGroups": {
        "name": "objectGroups_47",
        "tm": [
          [-0.0436194,0.0,0.999048],
          [0.0,1.0,0.0],
          [-0.999048,0.0,-0.0436194],
          [4608.49,182.626,-1111.21]
        ],
        "unit_class": "czech_hedgehog_dynamic_5blocks",
        "objLayer": 2,
        "props": {
          "army": 2,
          "active": true
        }
      }
    },
    {
      "objectGroups": {
        "name": "objectGroups_48",
        "tm": [
          [-0.0436194,0.0,0.999048],
          [0.0,1.0,0.0],
          [-0.999048,0.0,-0.0436194],
          [4608.72,184.967,-1129.41]
        ],
        "unit_class": "czech_hedgehog_dynamic_5blocks",
        "objLayer": 2,
        "props": {
          "army": 2,
          "active": true
        }
      }
    },
    {
      "objectGroups": {
        "name": "objectGroups_44",
        "tm": [
          [-0.0436194,0.0,0.999048],
          [0.0,1.0,0.0],
          [-0.999048,0.0,-0.0436194],
          [4606.4,185.962,-1128.05]
        ],
        "unit_class": "czech_hedgehog_dynamic_5blocks",
        "objLayer": 2,
        "props": {
          "army": 2,
          "active": true
        }
      }
    },
    {
      "objectGroups": {
        "name": "objectGroups_53",
        "tm": [
          [-0.0436194,0.0,0.999048],
          [0.0,1.0,0.0],
          [-0.999048,0.0,-0.0436194],
          [4598.85,181.4,-1089.7]
        ],
        "unit_class": "czech_hedgehog_dynamic_5blocks",
        "objLayer": 2,
        "props": {
          "army": 2,
          "active": true
        }
      }
    },
    {
      "objectGroups": {
        "name": "objectGroups_54",
        "tm": [
          [-0.0436194,0.0,0.999048],
          [0.0,1.0,0.0],
          [-0.999048,0.0,-0.0436194],
          [4601.74,182.62,-1091.71]
        ],
        "unit_class": "czech_hedgehog_dynamic_5blocks",
        "objLayer": 2,
        "props": {
          "army": 2,
          "active": true
        }
      }
    },
    {
      "objectGroups": {
        "name": "objectGroups_55",
        "tm": [
          [-0.0436194,0.0,0.999048],
          [0.0,1.0,0.0],
          [-0.999048,0.0,-0.0436194],
          [4601.97,184.962,-1109.91]
        ],
        "unit_class": "czech_hedgehog_dynamic_5blocks",
        "objLayer": 2,
        "props": {
          "army": 2,
          "active": true
        }
      }
    },
    {
      "objectGroups": {
        "name": "objectGroups_52",
        "tm": [
          [-0.0436194,0.0,0.999048],
          [0.0,1.0,0.0],
          [-0.999048,0.0,-0.0436194],
          [4599.65,185.956,-1108.55]
        ],
        "unit_class": "czech_hedgehog_dynamic_5blocks",
        "objLayer": 2,
        "props": {
          "army": 2,
          "active": true
        }
      }
    },
    {
      "objectGroups": {
        "name": "objectGroups_41",
        "tm": [
          [0.0436195,0.0,0.999048],
          [0.0,1.0,0.0],
          [-0.999048,0.0,0.0436195],
          [4632.1,183.3,-868.85]
        ],
        "unit_class": "czech_hedgehog_dynamic_5blocks",
        "objLayer": 2,
        "props": {
          "army": 2,
          "active": true
        }
      }
    },
    {
      "objectGroups": {
        "name": "objectGroups_42",
        "tm": [
          [0.0436195,0.0,0.999048],
          [0.0,1.0,0.0],
          [-0.999048,0.0,0.0436195],
          [4630.75,183.3,-887.0]
        ],
        "unit_class": "czech_hedgehog_dynamic_5blocks",
        "objLayer": 2,
        "props": {
          "army": 2,
          "active": true
        }
      }
    },
    {
      "objectGroups": {
        "name": "objectGroups_43",
        "tm": [
          [0.0436195,0.0,0.999048],
          [0.0,1.0,0.0],
          [-0.999048,0.0,0.0436195],
          [4628.55,183.3,-885.45]
        ],
        "unit_class": "czech_hedgehog_dynamic_5blocks",
        "objLayer": 2,
        "props": {
          "army": 2,
          "active": true
        }
      }
    },
    {
      "objectGroups": {
        "name": "objectGroups_49",
        "tm": [
          [0.0436195,0.0,0.999048],
          [0.0,1.0,0.0],
          [-0.999048,0.0,0.0436195],
          [4629.4,183.3,-866.6]
        ],
        "unit_class": "czech_hedgehog_dynamic_5blocks",
        "objLayer": 2,
        "props": {
          "army": 2,
          "active": true
        }
      }
    },
    {
      "objectGroups": {
        "name": "objectGroups_16",
        "tm": [
          [0.21644,0.0,0.976296],
          [0.0,1.0,0.0],
          [-0.976296,0.0,0.21644],
          [4630.2,183.3,-831.45]
        ],
        "unit_class": "czech_hedgehog_dynamic_5blocks",
        "objLayer": 2,
        "props": {
          "army": 2,
          "active": true
        }
      }
    },
    {
      "objectGroups": {
        "name": "objectGroups_19",
        "tm": [
          [0.21644,0.0,0.976296],
          [0.0,1.0,0.0],
          [-0.976296,0.0,0.21644],
          [4632.47,183.3,-834.134]
        ],
        "unit_class": "czech_hedgehog_dynamic_5blocks",
        "objLayer": 2,
        "props": {
          "army": 2,
          "active": true
        }
      }
    },
    {
      "objectGroups": {
        "name": "objectGroups_22",
        "tm": [
          [0.21644,0.0,0.976296],
          [0.0,1.0,0.0],
          [-0.976296,0.0,0.21644],
          [4627.99,183.3,-851.774]
        ],
        "unit_class": "czech_hedgehog_dynamic_5blocks",
        "objLayer": 2,
        "props": {
          "army": 2,
          "active": true
        }
      }
    },
    {
      "objectGroups": {
        "name": "objectGroups_15",
        "tm": [
          [0.21644,0.0,0.976296],
          [0.0,1.0,0.0],
          [-0.976296,0.0,0.21644],
          [4626.09,183.3,-849.866]
        ],
        "unit_class": "czech_hedgehog_dynamic_5blocks",
        "objLayer": 2,
        "props": {
          "army": 2,
          "active": true
        }
      }
    },
    {
      "objectGroups": {
        "name": "objectGroups_31",
        "tm": [
          [0.976296,0.0,-0.21644],
          [0.0,1.0,0.0],
          [0.21644,0.0,0.976296],
          [4622.75,183.3,-822.6]
        ],
        "unit_class": "czech_hedgehog_dynamic_5blocks",
        "objLayer": 2,
        "props": {
          "army": 2,
          "active": true
        }
      }
    },
    {
      "objectGroups": {
        "name": "objectGroups_32",
        "tm": [
          [0.976296,0.0,-0.21644],
          [0.0,1.0,0.0],
          [0.21644,0.0,0.976296],
          [4620.07,183.3,-824.869]
        ],
        "unit_class": "czech_hedgehog_dynamic_5blocks",
        "objLayer": 2,
        "props": {
          "army": 2,
          "active": true
        }
      }
    },
    {
      "objectGroups": {
        "name": "objectGroups_33",
        "tm": [
          [0.976296,0.0,-0.21644],
          [0.0,1.0,0.0],
          [0.21644,0.0,0.976296],
          [4602.43,183.3,-820.387]
        ],
        "unit_class": "czech_hedgehog_dynamic_5blocks",
        "objLayer": 2,
        "props": {
          "army": 2,
          "active": true
        }
      }
    },
    {
      "objectGroups": {
        "name": "objectGroups_28",
        "tm": [
          [0.976296,0.0,-0.21644],
          [0.0,1.0,0.0],
          [0.21644,0.0,0.976296],
          [4604.33,183.3,-818.49]
        ],
        "unit_class": "czech_hedgehog_dynamic_5blocks",
        "objLayer": 2,
        "props": {
          "army": 2,
          "active": true
        }
      }
    },
    {
      "objectGroups": {
        "name": "objectGroups_50",
        "tm": [
          [0.976296,0.0,-0.21644],
          [0.0,1.0,0.0],
          [0.21644,0.0,0.976296],
          [4587.1,183.3,-814.15]
        ],
        "unit_class": "czech_hedgehog_dynamic_5blocks",
        "objLayer": 2,
        "props": {
          "army": 2,
          "active": true
        }
      }
    },
    {
      "objectGroups": {
        "name": "objectGroups_51",
        "tm": [
          [0.976296,0.0,-0.21644],
          [0.0,1.0,0.0],
          [0.21644,0.0,0.976296],
          [4584.42,183.3,-816.419]
        ],
        "unit_class": "czech_hedgehog_dynamic_5blocks",
        "objLayer": 2,
        "props": {
          "army": 2,
          "active": true
        }
      }
    },
    {
      "objectGroups": {
        "name": "objectGroups_56",
        "tm": [
          [0.976296,0.0,-0.21644],
          [0.0,1.0,0.0],
          [0.21644,0.0,0.976296],
          [4566.78,183.3,-811.937]
        ],
        "unit_class": "czech_hedgehog_dynamic_5blocks",
        "objLayer": 2,
        "props": {
          "army": 2,
          "active": true
        }
      }
    },
    {
      "objectGroups": {
        "name": "objectGroups_46",
        "tm": [
          [0.976296,0.0,-0.21644],
          [0.0,1.0,0.0],
          [0.21644,0.0,0.976296],
          [4568.68,183.3,-810.04]
        ],
        "unit_class": "czech_hedgehog_dynamic_5blocks",
        "objLayer": 2,
        "props": {
          "army": 2,
          "active": true
        }
      }
    },
    {
      "objectGroups": {
        "name": "objectGroups_61",
        "tm": [
          [0.976296,0.0,-0.21644],
          [0.0,1.0,0.0],
          [0.21644,0.0,0.976296],
          [4550.35,183.3,-805.05]
        ],
        "unit_class": "czech_hedgehog_dynamic_5blocks",
        "objLayer": 2,
        "props": {
          "army": 2,
          "active": true
        }
      }
    },
    {
      "objectGroups": {
        "name": "objectGroups_62",
        "tm": [
          [0.976296,0.0,-0.21644],
          [0.0,1.0,0.0],
          [0.21644,0.0,0.976296],
          [4547.67,183.3,-807.319]
        ],
        "unit_class": "czech_hedgehog_dynamic_5blocks",
        "objLayer": 2,
        "props": {
          "army": 2,
          "active": true
        }
      }
    },
    {
      "objectGroups": {
        "name": "objectGroups_63",
        "tm": [
          [0.976296,0.0,-0.21644],
          [0.0,1.0,0.0],
          [0.21644,0.0,0.976296],
          [4530.03,183.3,-802.837]
        ],
        "unit_class": "czech_hedgehog_dynamic_5blocks",
        "objLayer": 2,
        "props": {
          "army": 2,
          "active": true
        }
      }
    },
    {
      "objectGroups": {
        "name": "objectGroups_60",
        "tm": [
          [0.976296,0.0,-0.21644],
          [0.0,1.0,0.0],
          [0.21644,0.0,0.976296],
          [4531.93,183.3,-800.94]
        ],
        "unit_class": "czech_hedgehog_dynamic_5blocks",
        "objLayer": 2,
        "props": {
          "army": 2,
          "active": true
        }
      }
    }
  ],
  "areas": {
    "spectator_point_island1": {
      "type": "Point",
      "tm": [
        [0.938798,-0.0409888,-0.34202],
        [0.0436194,0.999048,0.0],
        [0.341695,-0.0149187,0.939693],
        [5694.85,142.05,-994.4]
      ],
      "objLayer": 0,
      "props": []
    },
    "spectator_point_island2": {
      "type": "Point",
      "tm": [
        [0.7813,-0.173648,0.599513],
        [0.137764,0.984808,0.10571],
        [-0.608761,0.0,0.793353],
        [6022.05,152.35,-1990.45]
      ],
      "objLayer": 0,
      "props": []
    }
  },
  "objLayers": [
    {
      "layer": {
        "enabled": true
      }
    },
    {
      "layer": {
        "enabled": true
      }
    },
    {
      "layer": {
        "enabled": true
      }
    },
    {
      "layer": {
        "enabled": true
      }
    }
  ],
  "wayPoints": []
}