{
  "selected_tag": "",
  "bin_dump_file": "",
  "mission_settings": {
    "atmosphere": {
      "pressure": 760.0,
      "temperature": 15.0
    },
    "player": {
      "army": 1,
      "wing": "bt_armada"
    },
    "player_teamB": {
      "army": 2
    },
    "mission": {
      "name": "untitled",
      "level": "levels/water.bin",
      "type": "singleMission",
      "restoreType": "attempts",
      "optionalTakeOff": false,
      "campaign": "UserMissions",
      "environment": "Day",
      "weather": "hazy",
      "missionDebriefing": "",
      "missionBriefing": "",
      "tags": [],
      "missionType": {
        "_Dom": false,
        "_Conq": false,
        "_Bttl": false,
        "_Bto": false,
        "_Flc": false,
        "_v1_race_straight": false,
        "_v1_race_inverted": false,
        "_v2_race_straight": false,
        "_v2_race_inverted": false,
        "_Conq1": false,
        "_Conq2": false,
        "_Conq3": false,
        "_Conq4": false,
        "_Conq5": false,
        "_Conq6": false
      }
    },
    "spectator_points": [],
    "cover_points": [],
    "aiParams": {
      "aiEffectivenessViscosity": 90.0,
      "effectivenessDistances": [2500.0,7000.0]
    }
  },
  "imports": [
    {
      "import_record": {
        "file": "gameData/missions/templates/air_templates/jip/air_bt_bombers_template.blk",
        "importAreas": true,
        "importUnits": true,
        "importTriggers": true,
        "importMissionObjectives": true,
        "importWayPoints": true,
        "showAreas": true,
        "showUnits": true,
        "showTriggers": true,
        "showMissionObjectives": true,
        "showWayPoints": true,
        "excludes": []
      }
    },
    {
      "import_record": {
        "file": "gameData/missions/templates/air_templates/jip/bombers_planesets/bt_t1_uk.blk",
        "importAreas": true,
        "importUnits": true,
        "importTriggers": true,
        "importMissionObjectives": true,
        "importWayPoints": true,
        "showAreas": true,
        "showUnits": true,
        "showTriggers": true,
        "showMissionObjectives": true,
        "showWayPoints": true,
        "excludes": []
      }
    },
    {
      "import_record": {
        "file": "gameData/missions/templates/air_templates/jip/bombers_planesets/bt_t2_germ.blk",
        "importAreas": true,
        "importUnits": true,
        "importTriggers": true,
        "importMissionObjectives": true,
        "importWayPoints": true,
        "showAreas": true,
        "showUnits": true,
        "showTriggers": true,
        "showMissionObjectives": true,
        "showWayPoints": true,
        "excludes": []
      }
    }
  ],
  "triggers": {
    "isCategory": true,
    "is_enabled": true
  },
  "mission_objectives": {
    "isCategory": true,
    "is_enabled": true
  },
  "variables": [],
  "dialogs": [],
  "airfields": [],
  "effects": [],
  "units": [
    {
      "squad": {
        "name": "bt_t1_bombers_squad",
        "tm": [
          [1.0,0.0,0.0],
          [0.0,1.0,0.0],
          [0.0,0.0,1.0],
          [25841.6,126.6,12149.6]
        ],
        "props": [
          {
            "squad_members": "bt_t1_bomber_rank_01"
          },
          {
            "squad_members": "bt_t1_bomber_rank_02"
          },
          {
            "squad_members": "bt_t1_bomber_rank_03"
          },
          {
            "squad_members": "bt_t1_bomber_rank_04"
          },
          {
            "squad_members": "bt_t1_bomber_rank_05"
          }
        ]
      }
    },
    {
      "squad": {
        "name": "bt_t1_fighters_squad",
        "tm": [
          [1.0,0.0,0.0],
          [0.0,1.0,0.0],
          [0.0,0.0,1.0],
          [23509.5,127.05,11788.1]
        ],
        "props": [
          {
            "squad_members": "bt_t1_fighter_rank_01"
          },
          {
            "squad_members": "bt_t1_fighter_rank_02"
          },
          {
            "squad_members": "bt_t1_fighter_rank_03"
          },
          {
            "squad_members": "bt_t1_fighter_rank_04"
          },
          {
            "squad_members": "bt_t1_fighter_rank_05"
          }
        ]
      }
    },
    {
      "armada": {
        "name": "bt_armada",
        "tm": [
          [1.0,0.0,0.0],
          [0.0,1.0,0.0],
          [0.0,0.0,1.0],
          [-7076.95,415.0,12688.3]
        ],
        "unit_class": "bf-109f-4",
        "objLayer": 1,
        "closed_waypoints": false,
        "weapons": "",
        "bullets0": "",
        "bullets1": "",
        "bullets2": "",
        "bullets3": "",
        "bulletsCount0": 0,
        "bulletsCount1": 0,
        "bulletsCount2": 0,
        "bulletsCount3": 0,
        "props": {
          "army": 2,
          "count": 1,
          "free_distance": 70.0,
          "floating_distance": 50.0,
          "minimum_distance_to_earth": 20.0,
          "altLimit": 6000.0,
          "attack_type": "fire_at_will",
          "skill": 4,
          "plane": {
            "wing_formation": "Diamond",
            "row_distances": 3.0,
            "col_distances": 3.0,
            "super_formation": "Diamond",
            "super_row_distances": 1.5,
            "super_col_distances": 1.5,
            "ai_skill": "NORMAL",
            "task": "FLY_WAYPOINT"
          }
        },
        "way": []
      }
    },
    {
      "squad": {
        "name": "bt_t2_bombers_squad",
        "tm": [
          [1.0,0.0,0.0],
          [0.0,1.0,0.0],
          [0.0,0.0,1.0],
          [-29711.5,126.6,26268.8]
        ],
        "props": [
          {
            "squad_members": "bt_t2_bomber_rank_01"
          },
          {
            "squad_members": "bt_t2_bomber_rank_02"
          },
          {
            "squad_members": "bt_t2_bomber_rank_03"
          },
          {
            "squad_members": "bt_t2_bomber_rank_04"
          },
          {
            "squad_members": "bt_t2_bomber_rank_05"
          }
        ]
      }
    },
    {
      "squad": {
        "name": "bt_t2_fighters_squad",
        "tm": [
          [1.0,0.0,0.0],
          [0.0,1.0,0.0],
          [0.0,0.0,1.0],
          [-26448.0,127.05,21597.3]
        ],
        "props": [
          {
            "squad_members": "bt_t2_fighter_rank_02"
          },
          {
            "squad_members": "bt_t2_fighter_rank_03"
          },
          {
            "squad_members": "bt_t2_fighter_rank_04"
          },
          {
            "squad_members": "bt_t2_fighter_rank_05"
          },
          {
            "squad_members": "bt_t2_fighter_rank_01"
          }
        ]
      }
    }
  ],
  "areas": {
    "bt_t1_bombers_spawn_01": {
      "type": "Point",
      "tm": [
        [-1.0,0.0,1.50996e-07],
        [0.0,1.0,0.0],
        [-1.50996e-07,0.0,-1.0],
        [31000.0,2500.0,-20000.0]
      ],
      "objLayer": 0,
      "props": []
    },
    "bt_t1_fighters_spawn_01": {
      "type": "Point",
      "tm": [
        [-0.999048,0.0,0.0436195],
        [0.0,1.0,0.0],
        [-0.0436195,0.0,-0.999048],
        [31000.0,3000.0,-20000.0]
      ],
      "objLayer": 0,
      "props": []
    },
    "bt_t1_retreat_point": {
      "type": "Point",
      "tm": [
        [-0.999048,0.0,-0.0436192],
        [0.0,1.0,0.0],
        [0.0436192,0.0,-0.999048],
        [32000.0,1500.0,0.0]
      ],
      "objLayer": 0,
      "props": []
    },
    "bt_t2_retreat_point": {
      "type": "Point",
      "tm": [
        [-0.999048,0.0,-0.0436192],
        [0.0,1.0,0.0],
        [0.0436192,0.0,-0.999048],
        [-32000.0,1500.0,0.0]
      ],
      "objLayer": 0,
      "props": []
    },
    "bt_t2_fighters_spawn_01": {
      "type": "Point",
      "tm": [
        [0.999048,0.0,-0.0436196],
        [0.0,1.0,0.0],
        [0.0436196,0.0,0.999048],
        [-31000.0,3000.0,-20000.0]
      ],
      "objLayer": 0,
      "props": []
    },
    "bt_t2_bombers_spawn_01": {
      "type": "Point",
      "tm": [
        [0.999048,0.0,-0.0436197],
        [0.0,1.0,0.0],
        [0.0436197,0.0,0.999048],
        [-31000.0,2500.0,-20000.0]
      ],
      "objLayer": 0,
      "props": []
    },
    "bt_t1_bombers_spawn_02": {
      "type": "Point",
      "tm": [
        [-1.0,0.0,1.50996e-07],
        [0.0,1.0,0.0],
        [-1.50996e-07,0.0,-1.0],
        [31000.0,2500.0,-10000.0]
      ],
      "objLayer": 0,
      "props": []
    },
    "bt_t1_fighters_spawn_02": {
      "type": "Point",
      "tm": [
        [-0.999048,0.0,0.0436195],
        [0.0,1.0,0.0],
        [-0.0436195,0.0,-0.999048],
        [31000.0,3000.0,-10000.0]
      ],
      "objLayer": 0,
      "props": []
    },
    "bt_t1_bombers_spawn_03": {
      "type": "Point",
      "tm": [
        [-1.0,0.0,1.50996e-07],
        [0.0,1.0,0.0],
        [-1.50996e-07,0.0,-1.0],
        [31000.0,2500.0,10000.0]
      ],
      "objLayer": 0,
      "props": []
    },
    "bt_t1_fighters_spawn_03": {
      "type": "Point",
      "tm": [
        [-0.999048,0.0,0.0436195],
        [0.0,1.0,0.0],
        [-0.0436195,0.0,-0.999048],
        [31000.0,3000.0,10000.0]
      ],
      "objLayer": 0,
      "props": []
    },
    "bt_t1_bombers_spawn_04": {
      "type": "Point",
      "tm": [
        [-1.0,0.0,1.50996e-07],
        [0.0,1.0,0.0],
        [-1.50996e-07,0.0,-1.0],
        [31000.0,2500.0,20000.0]
      ],
      "objLayer": 0,
      "props": []
    },
    "bt_t1_fighters_spawn_04": {
      "type": "Point",
      "tm": [
        [-0.999048,0.0,0.0436195],
        [0.0,1.0,0.0],
        [-0.0436195,0.0,-0.999048],
        [31000.0,3000.0,20000.0]
      ],
      "objLayer": 0,
      "props": []
    },
    "bt_t2_bombers_spawn_02": {
      "type": "Point",
      "tm": [
        [0.999048,0.0,-0.0436197],
        [0.0,1.0,0.0],
        [0.0436197,0.0,0.999048],
        [-31000.0,2500.0,-10000.0]
      ],
      "objLayer": 0,
      "props": []
    },
    "bt_t2_fighters_spawn_02": {
      "type": "Point",
      "tm": [
        [0.999048,0.0,-0.0436196],
        [0.0,1.0,0.0],
        [0.0436196,0.0,0.999048],
        [-31000.0,3000.0,-10000.0]
      ],
      "objLayer": 0,
      "props": []
    },
    "bt_t2_bombers_spawn_03": {
      "type": "Point",
      "tm": [
        [0.999048,0.0,-0.0436197],
        [0.0,1.0,0.0],
        [0.0436197,0.0,0.999048],
        [-31000.0,2500.0,10000.0]
      ],
      "objLayer": 0,
      "props": []
    },
    "bt_t2_fighters_spawn_03": {
      "type": "Point",
      "tm": [
        [0.999048,0.0,-0.0436196],
        [0.0,1.0,0.0],
        [0.0436196,0.0,0.999048],
        [-31000.0,3000.0,10000.0]
      ],
      "objLayer": 0,
      "props": []
    },
    "bt_t2_bombers_spawn_04": {
      "type": "Point",
      "tm": [
        [0.999048,0.0,-0.0436197],
        [0.0,1.0,0.0],
        [0.0436197,0.0,0.999048],
        [-31000.0,2500.0,20000.0]
      ],
      "objLayer": 0,
      "props": []
    },
    "bt_t2_fighters_spawn_04": {
      "type": "Point",
      "tm": [
        [0.999048,0.0,-0.0436196],
        [0.0,1.0,0.0],
        [0.0436196,0.0,0.999048],
        [-31000.0,3000.0,20000.0]
      ],
      "objLayer": 0,
      "props": []
    }
  },
  "objLayers": [
    {
      "layer": {
        "enabled": true
      }
    },
    {
      "layer": {
        "enabled": true
      }
    }
  ],
  "wayPoints": []
}