{
  "selected_tag": "",
  "bin_dump_file": "",
  "mission_settings": {
    "atmosphere": {
      "pressure": 760.0,
      "temperature": 15.0
    },
    "player": [
      {
        "army": 1
      },
      {
        "wing": "player_tank02"
      },
      {
        "wing": "player_tank03"
      },
      {
        "wing": "player_tank04"
      },
      {
        "wing": "player_tank05"
      },
      {
        "wing": "player_tank06"
      },
      {
        "wing": "player_tank07"
      },
      {
        "wing": "player_tank08"
      },
      {
        "wing": "player_tank09"
      }
    ],
    "player_teamB": {
      "army": 2
    },
    "mission": {
      "name": "kursk_battle_for_survival_8_players_PvE",
      "level": "levels/avg_ardennes.bin",
      "type": "domination",
      "restoreType": "attempts",
      "optionalTakeOff": false,
      "campaign": "eastern",
      "environment": "Day",
      "weather": "hazy",
      "missionDebriefing": "",
      "missionBriefing": "",
      "nameKillStreaks": "killStreaks_survival_event",
      "chapter": "hidden",
      "gt_mp_tickets": true,
      "gt_mp_capture": true,
      "gt_reload_explosives": false,
      "timeLimit": 60,
      "deathPenaltyMul": 0.0,
      "ctaCaptureZoneEqualPenaltyMul": 0.0,
      "useAlternativeMapCoord": false,
      "remapAiTankModels": false,
      "allowEmptyTeams": true,
      "country_axis": "germany",
      "country_allies": "ussr",
      "forceSkiesInitialRandomSeed": true,
      "skiesInitialRandomSeed": 33,
      "tags": [],
      "missionType": {
        "_Dom": false,
        "_Conq": false,
        "_Bttl": false,
        "_Bto": false,
        "_Flc": false,
        "_v1_race_straight": false,
        "_v1_race_inverted": false,
        "_v2_race_straight": false,
        "_v2_race_inverted": false,
        "_Conq1": false,
        "_Conq2": false,
        "_Conq3": false,
        "_Conq4": false,
        "_Conq5": false,
        "_Conq6": false,
        "_DBttl": false,
        "_CnvA": false,
        "_CnvB": false,
        "_DBttlA": false,
        "_DBttlB": false,
        "_ArtDA": false,
        "_ArtDB": false
      },
      "customWeather": {
        "windDir": [0.6,0.8],
        "wind_scale": 1.0,
        "max_wind_strength": 6.0,
        "sky": {
          "mie_height": 0.5,
          "mieG": 0.5,
          "betaMScale": 0.7,
          "clouds_overcast": 0.2
        },
        "clouds_gen": {
          "humidity": 0.1,
          "persistence": 0.66,
          "asymmetry": 0.4
        },
        "clouds_position": {
          "start_altitude": 1.0,
          "thickness": 4.5,
          "light_extinction": 0.2,
          "amb_extinction_mul": 0.2
        },
        "clouds_render": {
          "silver_lining": 1.0,
          "sun_light": 1.5,
          "ambient": 1.5,
          "silver_lining_eccentricity": 0.6
        },
        "strata_clouds": {
          "amount": 0.5,
          "altitude": 11.0
        },
        "rain": {
          "rainFromInvisibleClouds": false,
          "probability": 0.0
        }
      }
    },
    "spectator_points": [],
    "cover_points": [],
    "aiParams": {
      "aiEffectivenessViscosity": 90.0,
      "effectivenessDistances": [2500.0,7000.0]
    }
  },
  "imports": [],
  "triggers": {
    "isCategory": true,
    "is_enabled": true
  },
  "mission_objectives": {
    "isCategory": true,
    "is_enabled": true
  },
  "variables": [],
  "dialogs": [],
  "airfields": [],
  "effects": [],
  "units": [
    {
      "objectGroups": {
        "name": "trenches01",
        "tm": [
          [-0.724513,0.0,0.689262],
          [0.0,1.0,0.0],
          [-0.689262,0.0,-0.724513],
          [1678.5,311.796,1674.15]
        ],
        "unit_class": "det_trench_half_a_onground",
        "objLayer": 2,
        "props": {
          "army": 2,
          "active": true
        }
      }
    },
    {
      "objectGroups": {
        "name": "trenches04",
        "tm": [
          [-0.824338,0.0110961,-0.565988],
          [0.0202365,0.999746,-0.00987375],
          [0.565736,-0.0195929,-0.824354],
          [1413.65,314.8,1627.25]
        ],
        "unit_class": "det_trench_half_a_onground",
        "objLayer": 2,
        "props": {
          "army": 2,
          "active": true
        }
      }
    },
    {
      "objectGroups": {
        "name": "trenches05",
        "tm": [
          [0.243893,-0.0319671,0.969275],
          [-0.00443271,0.999409,0.0340763],
          [-0.969793,-0.0126075,0.243607],
          [1645.54,309.958,1544.22]
        ],
        "unit_class": "det_trench_system_e_onground",
        "objLayer": 2,
        "props": {
          "army": 2,
          "active": true
        }
      }
    },
    {
      "objectGroups": {
        "name": "objectGroups_02",
        "tm": [
          [-0.5362,0.0,0.844091],
          [0.0,1.0,0.0],
          [-0.844091,0.0,-0.5362],
          [1936.88,303.145,1317.59]
        ],
        "unit_class": "noTreeObjectGroup100",
        "objLayer": 2,
        "props": {
          "army": 2,
          "active": true
        }
      }
    },
    {
      "objectGroups": {
        "name": "objectGroups_03",
        "tm": [
          [-0.5362,0.0,0.844091],
          [0.0,1.0,0.0],
          [-0.844091,0.0,-0.5362],
          [1918.32,306.59,1167.01]
        ],
        "unit_class": "noTreeObjectGroup100",
        "objLayer": 2,
        "props": {
          "army": 2,
          "active": true
        }
      }
    },
    {
      "objectGroups": {
        "name": "objectGroups_04",
        "tm": [
          [0.216351,0.0,0.976316],
          [0.0,1.0,0.0],
          [-0.976316,0.0,0.216351],
          [2216.87,309.41,1184.09]
        ],
        "unit_class": "noTreeObjectGroup100",
        "objLayer": 2,
        "props": {
          "army": 2,
          "active": true
        }
      }
    },
    {
      "objectGroups": {
        "name": "objectGroups_05",
        "tm": [
          [0.216351,0.0,0.976316],
          [0.0,1.0,0.0],
          [-0.976316,0.0,0.216351],
          [2302.39,308.289,1103.78]
        ],
        "unit_class": "noTreeObjectGroup100",
        "objLayer": 2,
        "props": {
          "army": 2,
          "active": true
        }
      }
    },
    {
      "objectGroups": {
        "name": "objectGroups_06",
        "tm": [
          [-0.0670954,0.0,0.997747],
          [0.0,1.0,0.0],
          [-0.997747,0.0,-0.0670954],
          [2427.56,308.289,1509.63]
        ],
        "unit_class": "noTreeObjectGroup100",
        "objLayer": 2,
        "props": {
          "army": 2,
          "active": true
        }
      }
    },
    {
      "objectGroups": {
        "name": "objectGroups_07",
        "tm": [
          [-0.0670954,0.0,0.997747],
          [0.0,1.0,0.0],
          [-0.997747,0.0,-0.0670954],
          [2343.7,308.289,1455.1]
        ],
        "unit_class": "noTreeObjectGroup100",
        "objLayer": 2,
        "props": {
          "army": 2,
          "active": true
        }
      }
    },
    {
      "objectGroups": {
        "name": "objectGroups_08",
        "tm": [
          [-0.0670954,0.0,0.997747],
          [0.0,1.0,0.0],
          [-0.997747,0.0,-0.0670954],
          [2261.91,308.289,1557.39]
        ],
        "unit_class": "noTreeObjectGroup100",
        "objLayer": 2,
        "props": {
          "army": 2,
          "active": true
        }
      }
    },
    {
      "objectGroups": {
        "name": "objectGroups_09",
        "tm": [
          [-0.0670954,0.0,0.997747],
          [0.0,1.0,0.0],
          [-0.997747,0.0,-0.0670954],
          [2020.11,308.289,1533.87]
        ],
        "unit_class": "noTreeObjectGroup100",
        "objLayer": 2,
        "props": {
          "army": 2,
          "active": true
        }
      }
    },
    {
      "objectGroups": {
        "name": "objectGroups_10",
        "tm": [
          [-0.415762,0.0,0.909474],
          [0.0,1.0,0.0],
          [-0.909474,0.0,-0.415762],
          [2063.63,308.289,1901.49]
        ],
        "unit_class": "noTreeObjectGroup100",
        "objLayer": 2,
        "props": {
          "army": 2,
          "active": true
        }
      }
    },
    {
      "objectGroups": {
        "name": "objectGroups_17",
        "tm": [
          [-0.223477,0.0,0.974709],
          [0.0,1.0,0.0],
          [-0.974709,0.0,-0.223477],
          [1260.76,326.661,1163.78]
        ],
        "unit_class": "noTreeObjectGroup100",
        "objLayer": 2,
        "props": {
          "army": 2,
          "active": true
        }
      }
    },
    {
      "objectGroups": {
        "name": "objectGroups_18",
        "tm": [
          [-0.870498,0.0,-0.492172],
          [0.0,1.0,0.0],
          [0.492172,0.0,-0.870498],
          [1484.61,308.55,1717.83]
        ],
        "unit_class": "noTreeObjectGroup100",
        "objLayer": 2,
        "props": {
          "army": 2,
          "active": true
        }
      }
    },
    {
      "objectGroups": {
        "name": "objectGroups_19",
        "tm": [
          [-0.992169,0.0,0.1249],
          [0.0,1.0,0.0],
          [-0.1249,0.0,-0.992169],
          [1561.79,308.5,1427.82]
        ],
        "unit_class": "noTreeObjectGroup100",
        "objLayer": 2,
        "props": {
          "army": 2,
          "active": true
        }
      }
    },
    {
      "objectGroups": {
        "name": "objectGroups_20",
        "tm": [
          [-0.903668,0.0,0.428235],
          [0.0,1.0,0.0],
          [-0.428235,0.0,-0.903668],
          [1289.58,326.661,1658.04]
        ],
        "unit_class": "noTreeObjectGroup100",
        "objLayer": 2,
        "props": {
          "army": 2,
          "active": true
        }
      }
    },
    {
      "objectGroups": {
        "name": "objectGroups_22",
        "tm": [
          [-0.927625,0.0,-0.373513],
          [0.0,1.0,0.0],
          [0.373513,0.0,-0.927625],
          [1081.56,326.661,1892.34]
        ],
        "unit_class": "noTreeObjectGroup100",
        "objLayer": 2,
        "props": {
          "army": 2,
          "active": true
        }
      }
    },
    {
      "objectGroups": {
        "name": "objectGroups_23",
        "tm": [
          [-0.860666,0.0,0.509169],
          [0.0,1.0,0.0],
          [-0.509169,0.0,-0.860666],
          [934.621,326.661,1848.5]
        ],
        "unit_class": "noTreeObjectGroup100",
        "objLayer": 2,
        "props": {
          "army": 2,
          "active": true
        }
      }
    },
    {
      "objectGroups": {
        "name": "objectGroups_24",
        "tm": [
          [-0.937258,0.0,-0.348637],
          [0.0,1.0,0.0],
          [0.348637,0.0,-0.937258],
          [1180.59,287.821,2176.18]
        ],
        "unit_class": "noTreeObjectGroup100",
        "objLayer": 2,
        "props": {
          "army": 2,
          "active": true
        }
      }
    },
    {
      "objectGroups": {
        "name": "objectGroups_26",
        "tm": [
          [-0.584511,0.0,0.811386],
          [0.0,1.0,0.0],
          [-0.811386,0.0,-0.584511],
          [1370.08,326.65,2077.0]
        ],
        "unit_class": "noTreeObjectGroup100",
        "objLayer": 2,
        "props": {
          "army": 2,
          "active": true
        }
      }
    },
    {
      "objectGroups": {
        "name": "objectGroups_27",
        "tm": [
          [-0.575263,0.0,0.817969],
          [0.0,1.0,0.0],
          [-0.817969,0.0,-0.575263],
          [1327.37,326.65,1959.88]
        ],
        "unit_class": "noTreeObjectGroup100",
        "objLayer": 2,
        "props": {
          "army": 2,
          "active": true
        }
      }
    },
    {
      "objectGroups": {
        "name": "objectGroups_28",
        "tm": [
          [-0.791393,0.0,0.611308],
          [0.0,1.0,0.0],
          [-0.611308,0.0,-0.791393],
          [1314.65,326.65,2311.05]
        ],
        "unit_class": "noTreeObjectGroup100",
        "objLayer": 2,
        "props": {
          "army": 2,
          "active": true
        }
      }
    },
    {
      "objectGroups": {
        "name": "objectGroups_29",
        "tm": [
          [-0.791393,0.0,0.611308],
          [0.0,1.0,0.0],
          [-0.611308,0.0,-0.791393],
          [1241.1,326.65,2383.25]
        ],
        "unit_class": "noTreeObjectGroup100",
        "objLayer": 2,
        "props": {
          "army": 2,
          "active": true
        }
      }
    },
    {
      "objectGroups": {
        "name": "trenches02",
        "tm": [
          [-0.322105,0.0,0.946704],
          [0.0,1.0,0.0],
          [-0.946704,0.0,-0.322105],
          [1688.9,311.219,1651.4]
        ],
        "unit_class": "det_trench_half_b_onground",
        "objLayer": 2,
        "props": {
          "army": 2,
          "active": true
        }
      }
    },
    {
      "objectGroups": {
        "name": "trenches06",
        "tm": [
          [0.592974,-0.0319671,0.804587],
          [0.00880965,0.999409,0.033215],
          [-0.805174,-0.0126075,0.592905],
          [1629.53,309.892,1518.29]
        ],
        "unit_class": "det_trench_half_c_onground",
        "objLayer": 2,
        "props": {
          "army": 2,
          "active": true
        }
      }
    },
    {
      "objectGroups": {
        "name": "trenches07",
        "tm": [
          [-0.585789,0.0110961,-0.810387],
          [0.022379,0.999746,-0.00248778],
          [0.810154,-0.0195929,-0.585889],
          [1468.65,312.956,1656.4]
        ],
        "unit_class": "det_trench_half_a_onground",
        "objLayer": 2,
        "props": {
          "army": 2,
          "active": true
        }
      }
    },
    {
      "objectGroups": {
        "name": "trenches08",
        "tm": [
          [-0.849652,0.0110961,-0.527226],
          [0.0197578,0.999746,-0.0107998],
          [0.526973,-0.0195929,-0.849656],
          [1498.35,311.377,1669.9]
        ],
        "unit_class": "det_trench_half_b_onground",
        "objLayer": 2,
        "props": {
          "army": 2,
          "active": true
        }
      }
    },
    {
      "objectGroups": {
        "name": "no_tree_box24",
        "tm": [
          [-0.791393,0.0,0.611308],
          [0.0,1.0,0.0],
          [-0.611308,0.0,-0.791393],
          [1207.81,326.65,2469.01]
        ],
        "unit_class": "noTreeObjectGroup100",
        "objLayer": 2,
        "props": {
          "army": 2,
          "active": true
        }
      }
    },
    {
      "objectGroups": {
        "name": "no_tree_box28",
        "tm": [
          [-0.791393,0.0,0.611308],
          [0.0,1.0,0.0],
          [-0.611308,0.0,-0.791393],
          [1137.27,326.65,2404.26]
        ],
        "unit_class": "noTreeObjectGroup100",
        "objLayer": 2,
        "props": {
          "army": 2,
          "active": true
        }
      }
    },
    {
      "objectGroups": {
        "name": "no_tree_box31",
        "tm": [
          [-0.791393,0.0,0.611308],
          [0.0,1.0,0.0],
          [-0.611308,0.0,-0.791393],
          [1112.35,326.65,2329.08]
        ],
        "unit_class": "noTreeObjectGroup100",
        "objLayer": 2,
        "props": {
          "army": 2,
          "active": true
        }
      }
    },
    {
      "objectGroups": {
        "name": "no_tree_box39",
        "tm": [
          [-0.223477,0.0,0.974709],
          [0.0,1.0,0.0],
          [-0.974709,0.0,-0.223477],
          [1102.11,319.097,1060.65]
        ],
        "unit_class": "noTreeObjectGroup100",
        "objLayer": 2,
        "props": {
          "army": 2,
          "active": true
        }
      }
    },
    {
      "objectGroups": {
        "name": "no_tree_box44",
        "tm": [
          [-0.223477,0.0,0.974709],
          [0.0,1.0,0.0],
          [-0.974709,0.0,-0.223477],
          [1067.17,319.097,1154.08]
        ],
        "unit_class": "noTreeObjectGroup100",
        "objLayer": 2,
        "props": {
          "army": 2,
          "active": true
        }
      }
    },
    {
      "objectGroups": {
        "name": "no_tree_box47",
        "tm": [
          [-0.223477,0.0,0.974709],
          [0.0,1.0,0.0],
          [-0.974709,0.0,-0.223477],
          [1225.42,319.097,1247.23]
        ],
        "unit_class": "noTreeObjectGroup100",
        "objLayer": 2,
        "props": {
          "army": 2,
          "active": true
        }
      }
    },
    {
      "objectGroups": {
        "name": "no_tree_box29",
        "tm": [
          [-0.992169,0.0,0.1249],
          [0.0,1.0,0.0],
          [-0.1249,0.0,-0.992169],
          [1649.09,308.5,1381.08]
        ],
        "unit_class": "noTreeObjectGroup100",
        "objLayer": 2,
        "props": {
          "army": 2,
          "active": true
        }
      }
    },
    {
      "objectGroups": {
        "name": "no_tree_box15",
        "tm": [
          [-0.5362,0.0,0.844091],
          [0.0,1.0,0.0],
          [-0.844091,0.0,-0.5362],
          [1845.11,303.145,1326.07]
        ],
        "unit_class": "noTreeObjectGroup100",
        "objLayer": 2,
        "props": {
          "army": 2,
          "active": true
        }
      }
    },
    {
      "objectGroups": {
        "name": "no_tree_box45",
        "tm": [
          [-0.5362,0.0,0.844091],
          [0.0,1.0,0.0],
          [-0.844091,0.0,-0.5362],
          [1999.11,306.59,1219.56]
        ],
        "unit_class": "noTreeObjectGroup100",
        "objLayer": 2,
        "props": {
          "army": 2,
          "active": true
        }
      }
    },
    {
      "objectGroups": {
        "name": "no_tree_box49",
        "tm": [
          [0.216351,0.0,0.976316],
          [0.0,1.0,0.0],
          [-0.976316,0.0,0.216351],
          [2191.83,309.41,1087.57]
        ],
        "unit_class": "noTreeObjectGroup100",
        "objLayer": 2,
        "props": {
          "army": 2,
          "active": true
        }
      }
    },
    {
      "objectGroups": {
        "name": "no_tree_box52",
        "tm": [
          [-0.542242,0.0,0.840222],
          [0.0,1.0,0.0],
          [-0.840222,0.0,-0.542242],
          [2080.57,319.097,1271.34]
        ],
        "unit_class": "noTreeObjectGroup100",
        "objLayer": 2,
        "props": {
          "army": 2,
          "active": true
        }
      }
    },
    {
      "objectGroups": {
        "name": "no_tree_box55",
        "tm": [
          [-0.542242,0.0,0.840222],
          [0.0,1.0,0.0],
          [-0.840222,0.0,-0.542242],
          [2148.9,319.097,1227.27]
        ],
        "unit_class": "noTreeObjectGroup100",
        "objLayer": 2,
        "props": {
          "army": 2,
          "active": true
        }
      }
    },
    {
      "objectGroups": {
        "name": "no_tree_box53",
        "tm": [
          [-0.0670954,0.0,0.997747],
          [0.0,1.0,0.0],
          [-0.997747,0.0,-0.0670954],
          [2270.13,308.289,1457.24]
        ],
        "unit_class": "noTreeObjectGroup100",
        "objLayer": 2,
        "props": {
          "army": 2,
          "active": true
        }
      }
    },
    {
      "objectGroups": {
        "name": "no_tree_box57",
        "tm": [
          [-0.415762,0.0,0.909474],
          [0.0,1.0,0.0],
          [-0.909474,0.0,-0.415762],
          [2083.01,308.289,1799.71]
        ],
        "unit_class": "noTreeObjectGroup100",
        "objLayer": 2,
        "props": {
          "army": 2,
          "active": true
        }
      }
    },
    {
      "objectGroups": {
        "name": "no_tree_box59",
        "tm": [
          [-0.0670954,0.0,0.997747],
          [0.0,1.0,0.0],
          [-0.997747,0.0,-0.0670954],
          [2065.2,308.289,1452.25]
        ],
        "unit_class": "noTreeObjectGroup100",
        "objLayer": 2,
        "props": {
          "army": 2,
          "active": true
        }
      }
    },
    {
      "objectGroups": {
        "name": "no_tree_box62",
        "tm": [
          [-0.415762,0.0,0.909474],
          [0.0,1.0,0.0],
          [-0.909474,0.0,-0.415762],
          [1862.52,308.289,1801.23]
        ],
        "unit_class": "noTreeObjectGroup100",
        "objLayer": 2,
        "props": {
          "army": 2,
          "active": true
        }
      }
    },
    {
      "objectGroups": {
        "name": "no_tree_box65",
        "tm": [
          [-0.415762,0.0,0.909474],
          [0.0,1.0,0.0],
          [-0.909474,0.0,-0.415762],
          [1896.6,308.289,1718.72]
        ],
        "unit_class": "noTreeObjectGroup100",
        "objLayer": 2,
        "props": {
          "army": 2,
          "active": true
        }
      }
    },
    {
      "objectGroups": {
        "name": "no_tree_box41",
        "tm": [
          [-0.903668,0.0,0.428235],
          [0.0,1.0,0.0],
          [-0.428235,0.0,-0.903668],
          [1291.63,326.661,1764.55]
        ],
        "unit_class": "noTreeObjectGroup100",
        "objLayer": 2,
        "props": {
          "army": 2,
          "active": true
        }
      }
    },
    {
      "objectGroups": {
        "name": "no_tree_box05",
        "tm": [
          [-0.860666,0.0,0.509169],
          [0.0,1.0,0.0],
          [-0.509169,0.0,-0.860666],
          [966.462,326.661,1945.13]
        ],
        "unit_class": "noTreeObjectGroup100",
        "objLayer": 2,
        "props": {
          "army": 2,
          "active": true
        }
      }
    },
    {
      "objectGroups": {
        "name": "no_tree_box66",
        "tm": [
          [-0.903668,0.0,0.428235],
          [0.0,1.0,0.0],
          [-0.428235,0.0,-0.903668],
          [1220.42,326.661,1839.29]
        ],
        "unit_class": "noTreeObjectGroup100",
        "objLayer": 2,
        "props": {
          "army": 2,
          "active": true
        }
      }
    },
    {
      "objectGroups": {
        "name": "no_tree_box68",
        "tm": [
          [0.621745,0.0,0.78322],
          [0.0,1.0,0.0],
          [-0.78322,0.0,0.621745],
          [918.96,301.514,2168.48]
        ],
        "unit_class": "noTreeObjectGroup100",
        "objLayer": 2,
        "props": {
          "army": 2,
          "active": true
        }
      }
    },
    {
      "objectGroups": {
        "name": "no_tree_box71",
        "tm": [
          [0.621745,0.0,0.78322],
          [0.0,1.0,0.0],
          [-0.78322,0.0,0.621745],
          [988.466,301.514,2115.39]
        ],
        "unit_class": "noTreeObjectGroup100",
        "objLayer": 2,
        "props": {
          "army": 2,
          "active": true
        }
      }
    },
    {
      "objectGroups": {
        "name": "no_tree_box74",
        "tm": [
          [0.621745,0.0,0.78322],
          [0.0,1.0,0.0],
          [-0.78322,0.0,0.621745],
          [1059.42,301.514,2186.48]
        ],
        "unit_class": "noTreeObjectGroup100",
        "objLayer": 2,
        "props": {
          "army": 2,
          "active": true
        }
      }
    },
    {
      "objectGroups": {
        "name": "no_tree_box77",
        "tm": [
          [0.621745,0.0,0.78322],
          [0.0,1.0,0.0],
          [-0.78322,0.0,0.621745],
          [1113.97,292.158,2127.27]
        ],
        "unit_class": "noTreeObjectGroup100",
        "objLayer": 2,
        "props": {
          "army": 2,
          "active": true
        }
      }
    },
    {
      "objectGroups": {
        "name": "no_tree_box08",
        "tm": [
          [-0.575263,0.0,0.817969],
          [0.0,1.0,0.0],
          [-0.817969,0.0,-0.575263],
          [1411.0,326.65,2013.14]
        ],
        "unit_class": "noTreeObjectGroup100",
        "objLayer": 2,
        "props": {
          "army": 2,
          "active": true
        }
      }
    },
    {
      "objectGroups": {
        "name": "no_tree_box79",
        "tm": [
          [0.841198,0.0,0.540727],
          [0.0,1.0,0.0],
          [-0.540727,0.0,0.841198],
          [1278.56,301.514,2032.93]
        ],
        "unit_class": "noTreeObjectGroup100",
        "objLayer": 2,
        "props": {
          "army": 2,
          "active": true
        }
      }
    },
    {
      "objectGroups": {
        "name": "no_tree_box82",
        "tm": [
          [0.940783,0.0,0.339009],
          [0.0,1.0,0.0],
          [-0.339009,0.0,0.940783],
          [1320.7,301.514,2200.36]
        ],
        "unit_class": "noTreeObjectGroup100",
        "objLayer": 2,
        "props": {
          "army": 2,
          "active": true
        }
      }
    },
    {
      "objectGroups": {
        "name": "no_tree_box60",
        "tm": [
          [-0.870498,0.0,-0.492172],
          [0.0,1.0,0.0],
          [0.492172,0.0,-0.870498],
          [1570.29,308.55,1762.16]
        ],
        "unit_class": "noTreeObjectGroup100",
        "objLayer": 2,
        "props": {
          "army": 2,
          "active": true
        }
      }
    },
    {
      "objectGroups": {
        "name": "no_tree_box80",
        "tm": [
          [0.929266,0.0,0.369411],
          [0.0,1.0,0.0],
          [-0.369411,0.0,0.929266],
          [1813.86,301.514,1675.63]
        ],
        "unit_class": "noTreeObjectGroup100",
        "objLayer": 2,
        "props": {
          "army": 2,
          "active": true
        }
      }
    },
    {
      "objectGroups": {
        "name": "no_tree_box85",
        "tm": [
          [0.929266,0.0,0.369411],
          [0.0,1.0,0.0],
          [-0.369411,0.0,0.929266],
          [1753.72,301.514,1598.51]
        ],
        "unit_class": "noTreeObjectGroup100",
        "objLayer": 2,
        "props": {
          "army": 2,
          "active": true
        }
      }
    },
    {
      "objectGroups": {
        "name": "no_tree_box88",
        "tm": [
          [0.929266,0.0,0.369411],
          [0.0,1.0,0.0],
          [-0.369411,0.0,0.929266],
          [1689.67,301.514,1526.25]
        ],
        "unit_class": "noTreeObjectGroup100",
        "objLayer": 2,
        "props": {
          "army": 2,
          "active": true
        }
      }
    },
    {
      "objectGroups": {
        "name": "no_tree_box91",
        "tm": [
          [0.929266,0.0,0.369411],
          [0.0,1.0,0.0],
          [-0.369411,0.0,0.929266],
          [1644.49,301.514,1464.64]
        ],
        "unit_class": "noTreeObjectGroup100",
        "objLayer": 2,
        "props": {
          "army": 2,
          "active": true
        }
      }
    },
    {
      "objectGroups": {
        "name": "no_tree_box94",
        "tm": [
          [0.929266,0.0,0.369411],
          [0.0,1.0,0.0],
          [-0.369411,0.0,0.929266],
          [1770.1,301.514,1764.56]
        ],
        "unit_class": "noTreeObjectGroup100",
        "objLayer": 2,
        "props": {
          "army": 2,
          "active": true
        }
      }
    },
    {
      "objectGroups": {
        "name": "no_tree_box97",
        "tm": [
          [0.998814,0.0,0.0486784],
          [0.0,1.0,0.0],
          [-0.0486784,0.0,0.998814],
          [1670.1,301.514,1738.55]
        ],
        "unit_class": "noTreeObjectGroup100",
        "objLayer": 2,
        "props": {
          "army": 2,
          "active": true
        }
      }
    }
  ],
  "areas": {
    "safe_zone": {
      "type": "Box",
      "tm": [
        [-400.0,0.0,0.0],
        [0.0,36.9,0.0],
        [0.0,0.0,-400.0],
        [1555.3,301.45,1602.9]
      ],
      "objLayer": 3,
      "props": []
    },
    "draw_safezone_01": {
      "type": "Point",
      "tm": [
        [1.0,0.0,0.0],
        [0.0,1.0,0.0],
        [0.0,0.0,1.0],
        [1755.3,303.914,1402.9]
      ],
      "objLayer": 0,
      "props": []
    },
    "draw_safezone_02": {
      "type": "Point",
      "tm": [
        [1.0,0.0,0.0],
        [0.0,1.0,0.0],
        [0.0,0.0,1.0],
        [1755.3,301.075,1802.9]
      ],
      "objLayer": 0,
      "props": []
    },
    "draw_safezone_03": {
      "type": "Point",
      "tm": [
        [1.0,0.0,0.0],
        [0.0,1.0,0.0],
        [0.0,0.0,1.0],
        [1355.3,300.237,1802.9]
      ],
      "objLayer": 0,
      "props": []
    },
    "draw_safezone_04": {
      "type": "Point",
      "tm": [
        [1.0,0.0,0.0],
        [0.0,1.0,0.0],
        [0.0,0.0,1.0],
        [1355.3,312.8,1402.9]
      ],
      "objLayer": 0,
      "props": []
    },
    "no_tree_box04": {
      "type": "Box",
      "tm": [
        [-56.057,0.0,82.8107],
        [0.0,37.7433,0.0],
        [-82.8107,0.0,-56.057],
        [1329.33,278.702,1955.22]
      ],
      "objLayer": 0,
      "props": []
    },
    "battlearea": {
      "type": "Box",
      "tm": [
        [-2000.0,0.0,0.0],
        [0.0,350.0,0.0],
        [0.0,0.0,-2000.0],
        [1540.8,0.0,1691.41]
      ],
      "objLayer": 3,
      "props": []
    },
    "no_tree_box07": {
      "type": "Box",
      "tm": [
        [-94.3458,0.0,-33.1493],
        [0.0,37.7433,0.0],
        [33.1494,0.0,-94.3457],
        [1176.12,282.464,2173.16]
      ],
      "objLayer": 0,
      "props": []
    },
    "no_tree_box10": {
      "type": "Box",
      "tm": [
        [-54.4601,-0.390695,83.8686],
        [-0.27579,30.157,-0.0385995],
        [-83.8646,-0.836655,-54.4612],
        [1930.9,296.789,1321.14]
      ],
      "objLayer": 0,
      "props": []
    },
    "no_tree_box11": {
      "type": "Box",
      "tm": [
        [-42.2026,0.0,90.6584],
        [0.0,37.7433,0.0],
        [-90.6585,0.0,-42.2024],
        [2061.79,287.266,1902.74]
      ],
      "objLayer": 0,
      "props": []
    },
    "no_tree_box03": {
      "type": "Box",
      "tm": [
        [-80.6945,0.0,59.0627],
        [0.0,37.7433,0.0],
        [-59.0628,0.0,-80.6944],
        [1314.4,287.842,2306.69]
      ],
      "objLayer": 0,
      "props": []
    },
    "no_tree_box16": {
      "type": "Box",
      "tm": [
        [-98.7641,-0.390696,15.6682],
        [-0.155903,30.157,-0.230747],
        [-15.6645,-0.836654,-98.762],
        [1563.75,296.791,1428.79]
      ],
      "objLayer": 0,
      "props": []
    },
    "no_tree_box17": {
      "type": "Box",
      "tm": [
        [-92.1435,0.0,38.8532],
        [0.0,37.7433,0.0],
        [-38.8532,0.0,-92.1435],
        [1280.51,287.842,1663.24]
      ],
      "objLayer": 0,
      "props": []
    },
    "no_tree_box01": {
      "type": "Box",
      "tm": [
        [-46.4007,0.0,-88.5831],
        [0.0,37.7433,0.0],
        [88.5832,0.0,-46.4007],
        [930.79,282.464,1849.49]
      ],
      "objLayer": 0,
      "props": []
    },
    "no_tree_box18": {
      "type": "Box",
      "tm": [
        [-94.0892,0.0,-33.8705],
        [0.0,37.7433,0.0],
        [33.8706,0.0,-94.0892],
        [1075.78,282.464,1903.81]
      ],
      "objLayer": 0,
      "props": []
    },
    "no_tree_box20": {
      "type": "Box",
      "tm": [
        [-80.6945,0.0,59.0627],
        [0.0,37.7433,0.0],
        [-59.0628,0.0,-80.6944],
        [1244.38,287.842,2379.84]
      ],
      "objLayer": 0,
      "props": []
    },
    "no_tree_box23": {
      "type": "Box",
      "tm": [
        [-88.584,-0.390696,-46.3973],
        [0.0126991,30.157,-0.278188],
        [46.399,-0.836654,-88.5802],
        [1485.97,296.799,1715.94]
      ],
      "objLayer": 0,
      "props": []
    },
    "no_tree_box14": {
      "type": "Box",
      "tm": [
        [-56.9934,0.0,82.1691],
        [0.0,37.7433,0.0],
        [-82.1691,0.0,-56.9934],
        [1368.62,278.702,2075.25]
      ],
      "objLayer": 0,
      "props": []
    },
    "no_tree_box32": {
      "type": "Box",
      "tm": [
        [-99.8817,0.0,-4.86197],
        [0.0,37.7433,0.0],
        [4.86185,0.0,-99.8817],
        [2419.87,287.842,1512.87]
      ],
      "objLayer": 0,
      "props": []
    },
    "no_tree_box33": {
      "type": "Box",
      "tm": [
        [-99.6872,0.0,-7.90329],
        [0.0,37.7433,0.0],
        [7.90318,0.0,-99.6872],
        [2259.81,287.842,1556.61]
      ],
      "objLayer": 0,
      "props": []
    },
    "no_tree_box34": {
      "type": "Box",
      "tm": [
        [-99.6872,0.0,-7.90329],
        [0.0,37.7433,0.0],
        [7.90318,0.0,-99.6872],
        [2341.46,287.842,1455.67]
      ],
      "objLayer": 0,
      "props": []
    },
    "no_tree_box35": {
      "type": "Box",
      "tm": [
        [-99.6872,0.0,-7.90329],
        [0.0,37.7433,0.0],
        [7.90318,0.0,-99.6872],
        [2015.68,287.842,1533.38]
      ],
      "objLayer": 0,
      "props": []
    },
    "no_tree_box12": {
      "type": "Box",
      "tm": [
        [-54.4601,-0.390695,83.8686],
        [-0.27579,30.157,-0.0385995],
        [-83.8646,-0.836655,-54.4612],
        [1913.18,296.789,1171.89]
      ],
      "objLayer": 0,
      "props": []
    },
    "no_tree_box22": {
      "type": "Box",
      "tm": [
        [25.2666,-0.390695,96.7546],
        [-0.214367,30.157,0.177755],
        [-96.7527,-0.836655,25.2629],
        [2207.3,309.276,1187.84]
      ],
      "objLayer": 0,
      "props": []
    },
    "no_tree_box36": {
      "type": "Box",
      "tm": [
        [27.6104,-0.390695,96.112],
        [-0.209984,30.157,0.182912],
        [-96.1102,-0.836655,27.6067],
        [2292.96,296.789,1106.22]
      ],
      "objLayer": 0,
      "props": []
    },
    "no_tree_box37": {
      "type": "Box",
      "tm": [
        [-25.4491,-0.390696,96.7067],
        [-0.274002,30.157,0.0497293],
        [-96.7033,-0.836654,-25.4516],
        [1255.59,296.789,1158.57]
      ],
      "objLayer": 0,
      "props": []
    },
    "briefing_enemy_02": {
      "type": "Point",
      "tm": [
        [1.0,0.0,0.0],
        [0.0,1.0,0.0],
        [0.0,0.0,1.0],
        [2525.05,329.25,1552.2]
      ],
      "objLayer": 0,
      "props": []
    },
    "briefing_enemy_03": {
      "type": "Point",
      "tm": [
        [1.0,0.0,0.0],
        [0.0,1.0,0.0],
        [0.0,0.0,1.0],
        [2435.2,329.25,985.4]
      ],
      "objLayer": 0,
      "props": []
    },
    "briefing_enemy_04": {
      "type": "Point",
      "tm": [
        [1.0,0.0,0.0],
        [0.0,1.0,0.0],
        [0.0,0.0,1.0],
        [1765.15,329.25,812.45]
      ],
      "objLayer": 0,
      "props": []
    },
    "briefing_enemy_05": {
      "type": "Point",
      "tm": [
        [1.0,0.0,0.0],
        [0.0,1.0,0.0],
        [0.0,0.0,1.0],
        [710.5,329.25,2084.55]
      ],
      "objLayer": 0,
      "props": []
    },
    "briefing_enemy_06": {
      "type": "Point",
      "tm": [
        [1.0,0.0,0.0],
        [0.0,1.0,0.0],
        [0.0,0.0,1.0],
        [1018.4,329.25,2227.9]
      ],
      "objLayer": 0,
      "props": []
    },
    "briefing_enemy_07": {
      "type": "Point",
      "tm": [
        [1.0,0.0,0.0],
        [0.0,1.0,0.0],
        [0.0,0.0,1.0],
        [1561.65,329.25,2582.75]
      ],
      "objLayer": 0,
      "props": []
    },
    "briefing_ally_base": {
      "type": "Point",
      "tm": [
        [1.0,0.0,0.0],
        [0.0,1.0,0.0],
        [0.0,0.0,1.0],
        [1581.65,329.25,1722.05]
      ],
      "objLayer": 0,
      "props": []
    },
    "direction_respawn01": {
      "type": "Sphere",
      "tm": [
        [28.8382,0.0,-95.7515],
        [0.0,100.0,0.0],
        [95.7515,0.0,28.8382],
        [1207.79,303.674,2373.73]
      ],
      "objLayer": 0,
      "props": []
    },
    "direction_respawn02": {
      "type": "Sphere",
      "tm": [
        [91.0103,0.0,-41.4383],
        [0.0,100.0,0.0],
        [41.4383,0.0,91.0103],
        [825.25,274.5,1951.1]
      ],
      "objLayer": 0,
      "props": []
    },
    "direction_respawn03": {
      "type": "Sphere",
      "tm": [
        [-95.1442,0.0,30.7829],
        [0.0,100.0,0.0],
        [-30.7829,0.0,-95.1442],
        [2207.1,309.5,1136.0]
      ],
      "objLayer": 0,
      "props": []
    },
    "direction_respawn05": {
      "type": "Sphere",
      "tm": [
        [81.0404,0.0,58.5871],
        [0.0,100.0,0.0],
        [-58.5871,0.0,81.0404],
        [1022.59,358.7,1085.41]
      ],
      "objLayer": 0,
      "props": []
    },
    "direction_respawn04": {
      "type": "Sphere",
      "tm": [
        [-96.0311,0.0,-27.893],
        [0.0,100.0,0.0],
        [27.893,0.0,-96.0311],
        [2284.8,274.5,1940.45]
      ],
      "objLayer": 0,
      "props": []
    },
    "direction_respawn07": {
      "type": "Sphere",
      "tm": [
        [-99.6255,0.0,-8.64653],
        [0.0,100.0,0.0],
        [8.64653,0.0,-99.6255],
        [2385.65,308.7,1528.35]
      ],
      "objLayer": 0,
      "props": []
    },
    "direction_respawn06": {
      "type": "Sphere",
      "tm": [
        [79.3413,0.0,-60.8684],
        [0.0,100.0,0.0],
        [60.8684,0.0,79.3413],
        [948.0,301.417,2208.9]
      ],
      "objLayer": 0,
      "props": []
    },
    "area10": {
      "type": "Sphere",
      "tm": [
        [-1400.0,0.0,0.0],
        [0.0,1400.0,0.0],
        [0.0,0.0,-1400.0],
        [1555.29,311.868,1602.9]
      ],
      "objLayer": 3,
      "props": []
    },
    "zone10": {
      "type": "Sphere",
      "tm": [
        [7999.75,0.0,-63.4595],
        [0.0,8000.0,0.0],
        [63.4595,0.0,7999.75],
        [1555.3,1000.0,1602.9]
      ],
      "objLayer": 3,
      "props": []
    },
    "enemy_airspawn": {
      "type": "Sphere",
      "tm": [
        [599.998,0.0,1.39913],
        [0.0,600.0,0.0],
        [-1.39913,0.0,599.998],
        [-2452.47,1000.0,1626.71]
      ],
      "objLayer": 3,
      "props": []
    },
    "enemy_safepoint": {
      "type": "Point",
      "tm": [
        [-600.0,0.0,0.0],
        [0.0,600.0,0.0],
        [0.0,0.0,-600.0],
        [13723.7,1000.0,1602.9]
      ],
      "objLayer": 3,
      "props": []
    },
    "briefing_enemy_01": {
      "type": "Point",
      "tm": [
        [1.0,0.0,0.0],
        [0.0,1.0,0.0],
        [0.0,0.0,1.0],
        [2450.0,329.25,1996.1]
      ],
      "objLayer": 0,
      "props": []
    },
    "no_tree_box21": {
      "type": "Box",
      "tm": [
        [-80.6945,0.0,59.0627],
        [0.0,37.7433,0.0],
        [-59.0628,0.0,-80.6944],
        [1211.09,287.842,2465.6]
      ],
      "objLayer": 0,
      "props": []
    },
    "no_tree_box27": {
      "type": "Box",
      "tm": [
        [-80.6945,0.0,59.0627],
        [0.0,37.7433,0.0],
        [-59.0628,0.0,-80.6944],
        [1140.55,287.842,2400.85]
      ],
      "objLayer": 0,
      "props": []
    },
    "no_tree_box30": {
      "type": "Box",
      "tm": [
        [-80.6945,0.0,59.0627],
        [0.0,37.7433,0.0],
        [-59.0628,0.0,-80.6944],
        [1115.63,287.842,2325.67]
      ],
