{
  "selected_tag": "",
  "bin_dump_file": "",
  "mission_settings": {
    "atmosphere": {
      "pressure": 760.0,
      "temperature": 15.0
    },
    "player": {
      "army": 1,
      "wing": "armada_01"
    },
    "player_teamB": {
      "army": 2
    },
    "mission": {
      "name": "testFlight_britain",
      "level": "levels/britain.bin",
      "type": "testFlight",
      "restoreType": "manual",
      "optionalTakeOff": false,
      "campaign": "test",
      "environment": "Day",
      "weather": "good",
      "missionDebriefing": "",
      "missionBriefing": "",
      "windDirection": [1.0,0.0,0.0],
      "tags": []
    },
    "cover_points": [],
    "aiParams": {
      "aiEffectivenessViscosity": 90.0,
      "effectivenessDistances": [2500.0,7000.0]
    },
    "briefing": {
      "place_loc": "",
      "date_loc": "",
      "objective_loc": "",
      "music": "action_01",
      "part": {
        "event": "",
        "minTime": 0,
        "slide": [
          {
            "map": true
          },
          {
            "minTime": 4
          },
          {
            "picture": ""
          },
          {
            "icon": {
              "icontype": "fighter",
              "side": "player",
              "target": "airfield00",
              "lookAt": "airfield01"
            }
          },
          {
            "icon": {
              "icontype": "airfield",
              "side": "ally",
              "target": "airfield01"
            }
          },
          {
            "icon": {
              "icontype": "artillery",
              "side": "ally",
              "target": "structures_01"
            }
          },
          {
            "icon": {
              "icontype": "artillery",
              "side": "ally",
              "target": "structures_02"
            }
          },
          {
            "icon": {
              "icontype": "artillery",
              "side": "ally",
              "target": "structures_03"
            }
          },
          {
            "icon": {
              "icontype": "truck",
              "side": "ally",
              "target": "wheeled_vehicles_01"
            }
          },
          {
            "icon": {
              "icontype": "truck",
              "side": "ally",
              "target": "wheeled_vehicles_02"
            }
          }
        ]
      }
    }
  },
  "imports": {
    "import_record": {
      "file": "gameData/missions/bridges/britain_bridges.blk",
      "importAreas": true,
      "importUnits": true,
      "importTriggers": true,
      "showAreas": true,
      "showUnits": true,
      "showTriggers": true,
      "excludes": []
    }
  },
  "triggers": {
    "isCategory": true,
    "is_enabled": true,
    "init": {
      "is_enabled": true,
      "comments": "",
      "props": {
        "actionsType": "PERFORM_ONE_BY_ONE",
        "conditionsType": "ALL",
        "enableAfterComplete": false
      },
      "events": {
        "initMission": []
      },
      "conditions": [],
      "actions": {
        "addAirfield": {
          "runwayStart": "airfield00",
          "runwayEnd": "airfield01",
          "runwayWidth": 50.0,
          "army": 1,
          "spawnPoint": "spawnpoint"
        },
        "spawnOnAirfield": {
          "runwayName": "airfield00",
          "objects": "armada_01"
        },
        "unitSetIndication": {
          "set": true,
          "target": "structures_00"
        }
      }
    },
    "end": {
      "is_enabled": true,
      "comments": "",
      "props": {
        "actionsType": "PERFORM_ONE_BY_ONE",
        "conditionsType": "ALL",
        "enableAfterComplete": true
      },
      "events": {
        "periodicEvent": {
          "time": 1.0
        }
      },
      "conditions": {
        "playersWhenStatus": {
          "players": "isKilled",
          "check_players": "any"
        }
      },
      "actions": {
        "wait": {
          "time": 3.0
        },
        "spawnOnAirfield": {
          "runwayName": "airfield00",
          "objects": "armada_01"
        }
      },
      "else_actions": []
    }
  },
  "mission_objectives": {
    "isCategory": true,
    "is_enabled": true
  },
  "variables": [],
  "dialogs": [],
  "airfields": [],
  "effects": [],
  "units": [
    {
      "armada": {
        "name": "armada_01",
        "tm": [
          [0.976296,0.0,-0.21644],
          [0.0,1.0,0.0],
          [0.21644,0.0,0.976296],
          [24809.1,-51.95,23206.1]
        ],
        "closed_waypoints": false,
        "unit_class": "a6m2_zero",
        "weapons": "a6m2_default",
        "props": {
          "army": 1,
          "free_distance": 70.0,
          "floating_distance": 50.0,
          "minimum_distance_to_earth": 20.0,
          "altLimit": 6000.0,
          "attack_type": "fire_at_will",
          "skill": 4,
          "count": 1,
          "plane": {
            "wing_formation": "Diamond",
            "row_distances": 1.5,
            "col_distances": 1.5,
            "super_formation": "Diamond",
            "super_row_distances": 1.5,
            "super_col_distances": 1.5,
            "ai_skill": "NORMAL",
            "task": "FLY_WAYPOINT"
          }
        },
        "way": []
      }
    },
    {
      "structures": {
        "name": "structures_01",
        "tm": [
          [0.737277,0.0,-0.67559],
          [0.0,1.0,0.0],
          [0.67559,0.0,0.737277],
          [24998.0,70.675,23619.6]
        ],
        "closed_waypoints": false,
        "unit_class": "uk_87mm_mkII",
        "weapons": "",
        "props": {
          "army": 1,
          "count": 3,
          "formation_type": "rows",
          "formation_div": 1,
          "formation_step": [2.5,2.0],
          "formation_noise": [0.1,0.1],
          "uniqueName": "",
          "attack_type": "fire_at_will"
        },
        "way": []
      }
    },
    {
      "structures": {
        "name": "structures_02",
        "tm": [
          [0.130527,0.0,0.991445],
          [0.0,1.0,0.0],
          [-0.991445,0.0,0.130527],
          [24362.2,65.8,22988.8]
        ],
        "closed_waypoints": false,
        "unit_class": "uk_57mm_mkIV",
        "weapons": "",
        "props": {
          "army": 1,
          "count": 3,
          "formation_type": "rows",
          "formation_div": 1,
          "formation_step": [2.5,2.0],
          "formation_noise": [0.1,0.1],
          "uniqueName": "",
          "attack_type": "fire_at_will"
        },
        "way": []
      }
    },
    {
      "structures": {
        "name": "structures_03",
        "tm": [
          [0.173649,0.0,0.984808],
          [0.0,1.0,0.0],
          [-0.984808,0.0,0.173649],
          [25747.0,70.65,24043.5]
        ],
        "closed_waypoints": false,
        "unit_class": "uk_57mm_mkIV",
        "weapons": "",
        "props": {
          "army": 1,
          "count": 2,
          "formation_type": "rows",
          "formation_div": 1,
          "formation_step": [2.5,2.0],
          "formation_noise": [0.1,0.1],
          "uniqueName": "",
          "attack_type": "fire_at_will"
        },
        "way": []
      }
    },
    {
      "wheeled_vehicles": {
        "name": "wheeled_vehicles_01",
        "tm": [
          [0.34202,0.0,0.939693],
          [0.0,1.0,0.0],
          [-0.939693,0.0,0.34202],
          [25907.8,70.65,23752.7]
        ],
        "closed_waypoints": false,
        "unit_class": "uk_ford_fat2",
        "weapons": "",
        "props": {
          "army": 1,
          "count": 4,
          "formation_type": "rows",
          "formation_div": 1,
          "formation_step": [6.0,2.0],
          "formation_noise": [0.1,0.1],
          "uniqueName": "",
          "attack_type": "fire_at_will"
        },
        "way": []
      }
    },
    {
      "wheeled_vehicles": {
        "name": "wheeled_vehicles_02",
        "tm": [
          [-0.21644,0.0,-0.976296],
          [0.0,1.0,0.0],
          [0.976296,0.0,-0.21644],
          [23766.6,70.65,23682.6]
        ],
        "closed_waypoints": false,
        "unit_class": "uk_ford_fat2",
        "weapons": "",
        "props": {
          "army": 1,
          "count": 5,
          "formation_type": "rows",
          "formation_div": 1,
          "formation_step": [6.0,2.0],
          "formation_noise": [0.1,0.1],
          "uniqueName": "",
          "attack_type": "fire_at_will"
        },
        "way": []
      }
    },
    {
      "wheeled_vehicles": {
        "name": "structures_00",
        "tm": [
          [1.0,0.0,0.0],
          [0.0,1.0,0.0],
          [0.0,0.0,1.0],
          [25443.3,34.8885,26034.3]
        ],
        "closed_waypoints": false,
        "unit_class": "ussr_zis5_cargo",
        "weapons": "",
        "props": {
          "army": 2,
          "count": 1,
          "formation_type": "rows",
          "formation_div": 3,
          "formation_step": [2.5,2.0],
          "formation_noise": [0.1,0.1],
          "uniqueName": "",
          "attack_type": "fire_at_will",
          "targetableByAi": false
        },
        "way": []
      }
    },
    {
      "ships": {
        "name": "ships_01",
        "tm": [
          [0.5,0.0,0.866025],
          [0.0,1.0,0.0],
          [-0.866025,0.0,0.5],
          [30096.4,-1.0,20167.4]
        ],
        "closed_waypoints": false,
        "unit_class": "hms_leander",
        "weapons": "",
        "props": {
          "army": 1,
          "count": 3,
          "formation_type": "rows",
          "formation_div": 2,
          "formation_step": [35.0,10.0],
          "formation_noise": [0.0,0.5],
          "uniqueName": "",
          "attack_type": "hold_fire"
        },
        "way": []
      }
    },
    {
      "ships": {
        "name": "ships_02",
        "tm": [
          [0.573576,0.0,0.819152],
          [0.0,1.0,0.0],
          [-0.819152,0.0,0.573576],
          [29971.3,-1.0,19192.3]
        ],
        "closed_waypoints": false,
        "unit_class": "hms_cv_illustrious",
        "weapons": "",
        "props": {
          "army": 1,
          "count": 1,
          "formation_type": "rows",
          "formation_div": 3,
          "formation_step": [2.5,2.0],
          "formation_noise": [0.1,0.1],
          "uniqueName": "",
          "attack_type": "hold_fire"
        },
        "way": []
      }
    },
    {
      "ships": {
        "name": "ships_03",
        "tm": [
          [0.0436196,0.0,-0.999048],
          [0.0,1.0,0.0],
          [0.999048,0.0,0.0436196],
          [36121.6,-1.0,16483.3]
        ],
        "closed_waypoints": true,
        "unit_class": "uss_dd_georgetown",
        "weapons": "",
        "props": {
          "army": 1,
          "count": 2,
          "formation_type": "rows",
          "formation_div": 1,
          "formation_step": [35.0,9.0],
          "formation_noise": [0.1,0.1],
          "uniqueName": "",
          "attack_type": "hold_fire"
        },
        "way": {
          "ships_03_wp_01": {
            "type": "normal",
            "tm": [
              [0.0871555,0.0,0.996195],
              [0.0,1.0,0.0],
              [-0.996195,0.0,0.0871555],
              [35299.1,-1.00786,3873.39]
            ],
            "props": {
              "speed": 300.0,
              "moveType": "MOVETO_STRAIGHT"
            }
          },
          "ships_03_wp_02": {
            "type": "normal",
            "tm": [
              [0.0871555,0.0,0.996195],
              [0.0,1.0,0.0],
              [-0.996195,0.0,0.0871555],
              [34748.0,-1.00786,2868.9]
            ],
            "props": {
              "speed": 300.0,
              "moveType": "MOVETO_STRAIGHT"
            }
          },
          "ships_03_wp_03": {
            "type": "normal",
            "tm": [
              [0.0871555,0.0,0.996195],
              [0.0,1.0,0.0],
              [-0.996195,0.0,0.0871555],
              [33982.8,-1.00786,2106.81]
            ],
            "props": {
              "speed": 300.0,
              "moveType": "MOVETO_STRAIGHT"
            }
          },
          "ships_03_wp_04": {
            "type": "normal",
            "tm": [
              [0.0871555,0.0,0.996195],
              [0.0,1.0,0.0],
              [-0.996195,0.0,0.0871555],
              [33156.4,-1.00786,1616.27]
            ],
            "props": {
              "speed": 300.0,
              "moveType": "MOVETO_STRAIGHT"
            }
          },
          "ships_03_wp_05": {
            "type": "normal",
            "tm": [
              [0.0871555,0.0,0.996195],
              [0.0,1.0,0.0],
              [-0.996195,0.0,0.0871555],
              [32356.5,-1.00786,1499.94]
            ],
            "props": {
              "speed": 300.0,
              "moveType": "MOVETO_STRAIGHT"
            }
          },
          "ships_03_wp_06": {
            "type": "normal",
            "tm": [
              [0.0871555,0.0,0.996195],
              [0.0,1.0,0.0],
              [-0.996195,0.0,0.0871555],
              [31526.1,-1.00786,1973.51]
            ],
            "props": {
              "speed": 300.0,
              "moveType": "MOVETO_STRAIGHT"
            }
          },
          "ships_03_wp_07": {
            "type": "normal",
            "tm": [
              [0.0871555,0.0,0.996195],
              [0.0,1.0,0.0],
              [-0.996195,0.0,0.0871555],
              [30906.3,-1.00786,2907.49]
            ],
            "props": {
              "speed": 300.0,
              "moveType": "MOVETO_STRAIGHT"
            }
          },
          "ships_03_wp_08": {
            "type": "normal",
            "tm": [
              [0.0871555,0.0,0.996195],
              [0.0,1.0,0.0],
              [-0.996195,0.0,0.0871555],
              [30720.1,-1.00786,3865.5]
            ],
            "props": {
              "speed": 300.0,
              "moveType": "MOVETO_STRAIGHT"
            }
          },
          "ships_03_wp_09": {
            "type": "normal",
            "tm": [
              [0.0871555,0.0,0.996195],
              [0.0,1.0,0.0],
              [-0.996195,0.0,0.0871555],
              [31319.7,-1.00786,16747.2]
            ],
            "props": {
              "speed": 300.0,
              "moveType": "MOVETO_STRAIGHT"
            }
          },
          "ships_03_wp_10": {
            "type": "normal",
            "tm": [
              [0.0871555,0.0,0.996195],
              [0.0,1.0,0.0],
              [-0.996195,0.0,0.0871555],
              [31740.3,-1.00786,17855.8]
            ],
            "props": {
              "speed": 300.0,
              "moveType": "MOVETO_STRAIGHT"
            }
          },
          "ships_03_wp_11": {
            "type": "normal",
            "tm": [
              [0.0871555,0.0,0.996195],
              [0.0,1.0,0.0],
              [-0.996195,0.0,0.0871555],
              [32284.4,-1.00786,18477.0]
            ],
            "props": {
              "speed": 300.0,
              "moveType": "MOVETO_STRAIGHT"
            }
          },
          "ships_03_wp_12": {
            "type": "normal",
            "tm": [
              [0.0871555,0.0,0.996195],
              [0.0,1.0,0.0],
              [-0.996195,0.0,0.0871555],
              [32990.7,-1.00786,18918.1]
            ],
            "props": {
              "speed": 300.0,
              "moveType": "MOVETO_STRAIGHT"
            }
          },
          "ships_03_wp_13": {
            "type": "normal",
            "tm": [
              [0.0871555,0.0,0.996195],
              [0.0,1.0,0.0],
              [-0.996195,0.0,0.0871555],
              [33839.9,-1.00786,19023.8]
            ],
            "props": {
              "speed": 300.0,
              "moveType": "MOVETO_STRAIGHT"
            }
          },
          "ships_03_wp_14": {
            "type": "normal",
            "tm": [
              [0.0871555,0.0,0.996195],
              [0.0,1.0,0.0],
              [-0.996195,0.0,0.0871555],
              [34703.3,-1.00786,18734.3]
            ],
            "props": {
              "speed": 300.0,
              "moveType": "MOVETO_STRAIGHT"
            }
          },
          "ships_03_wp_15": {
            "type": "normal",
            "tm": [
              [0.0871555,0.0,0.996195],
              [0.0,1.0,0.0],
              [-0.996195,0.0,0.0871555],
              [35311.9,-1.00786,18333.7]
            ],
            "props": {
              "speed": 300.0,
              "moveType": "MOVETO_STRAIGHT"
            }
          },
          "ships_03_wp_16": {
            "type": "normal",
            "tm": [
              [0.0871555,0.0,0.996195],
              [0.0,1.0,0.0],
              [-0.996195,0.0,0.0871555],
              [35729.4,-1.00786,17698.1]
            ],
            "props": {
              "speed": 300.0,
              "moveType": "MOVETO_STRAIGHT"
            }
          },
          "ships_03_wp_17": {
            "type": "normal",
            "tm": [
              [0.0871555,0.0,0.996195],
              [0.0,1.0,0.0],
              [-0.996195,0.0,0.0871555],
              [35896.3,-1.00786,16836.9]
            ],
            "props": {
              "speed": 300.0,
              "moveType": "MOVETO_STRAIGHT"
            }
          }
        }
      }
    },
    {
      "ships": {
        "name": "ships_04",
        "tm": [
          [0.0436196,0.0,-0.999048],
          [0.0,1.0,0.0],
          [0.999048,0.0,0.0436196],
          [35967.9,-1.00786,15832.1]
        ],
        "closed_waypoints": false,
        "unit_class": "hms_cv_illustrious",
        "weapons": "",
        "props": {
          "army": 1,
          "count": 1,
          "formation_type": "rows",
          "formation_div": 1,
          "formation_step": [35.0,9.0],
          "formation_noise": [0.1,0.1],
          "uniqueName": "",
          "attack_type": "hold_fire"
        },
        "way": {
          "ships_04_wp_01": {
            "type": "normal",
            "tm": [
              [0.0871555,0.0,0.996195],
              [0.0,1.0,0.0],
              [-0.996195,0.0,0.0871555],
              [35302.0,-1.01572,3830.88]
            ],
            "props": {
              "speed": 300.0,
              "moveType": "MOVETO_STRAIGHT"
            }
          },
          "ships_04_wp_02": {
            "type": "normal",
            "tm": [
              [0.0871555,0.0,0.996195],
              [0.0,1.0,0.0],
              [-0.996195,0.0,0.0871555],
              [34750.9,-1.01572,2826.39]
            ],
            "props": {
              "speed": 300.0,
              "moveType": "MOVETO_STRAIGHT"
            }
          },
          "ships_04_wp_03": {
            "type": "normal",
            "tm": [
              [0.0871555,0.0,0.996195],
              [0.0,1.0,0.0],
              [-0.996195,0.0,0.0871555],
              [33985.7,-1.01572,2064.28]
            ],
            "props": {
              "speed": 300.0,
              "moveType": "MOVETO_STRAIGHT"
            }
          },
          "ships_04_wp_04": {
            "type": "normal",
            "tm": [
              [0.0871555,0.0,0.996195],
              [0.0,1.0,0.0],
              [-0.996195,0.0,0.0871555],
              [33159.3,-1.01572,1573.75]
            ],
            "props": {
              "speed": 300.0,
              "moveType": "MOVETO_STRAIGHT"
            }
          },
          "ships_04_wp_05": {
            "type": "normal",
            "tm": [
              [0.0871555,0.0,0.996195],
              [0.0,1.0,0.0],
              [-0.996195,0.0,0.0871555],
              [32359.4,-1.01572,1457.42]
            ],
            "props": {
              "speed": 300.0,
              "moveType": "MOVETO_STRAIGHT"
            }
          },
          "ships_04_wp_06": {
            "type": "normal",
            "tm": [
              [0.0871555,0.0,0.996195],
              [0.0,1.0,0.0],
              [-0.996195,0.0,0.0871555],
              [31529.0,-1.01572,1931.0]
            ],
            "props": {
              "speed": 300.0,
              "moveType": "MOVETO_STRAIGHT"
            }
          },
          "ships_04_wp_07": {
            "type": "normal",
            "tm": [
              [0.0871555,0.0,0.996195],
              [0.0,1.0,0.0],
              [-0.996195,0.0,0.0871555],
              [30909.2,-1.01572,2864.97]
            ],
            "props": {
              "speed": 300.0,
              "moveType": "MOVETO_STRAIGHT"
            }
          },
          "ships_04_wp_08": {
            "type": "normal",
            "tm": [
              [0.0871555,0.0,0.996195],
              [0.0,1.0,0.0],
              [-0.996195,0.0,0.0871555],
              [30723.0,-1.01572,3822.99]
            ],
            "props": {
              "speed": 300.0,
              "moveType": "MOVETO_STRAIGHT"
            }
          },
          "ships_04_wp_09": {
            "type": "normal",
            "tm": [
              [0.0871555,0.0,0.996195],
              [0.0,1.0,0.0],
              [-0.996195,0.0,0.0871555],
              [31322.6,-1.01572,16704.7]
            ],
            "props": {
              "speed": 300.0,
              "moveType": "MOVETO_STRAIGHT"
            }
          },
          "ships_04_wp_10": {
            "type": "normal",
            "tm": [
              [0.0871555,0.0,0.996195],
              [0.0,1.0,0.0],
              [-0.996195,0.0,0.0871555],
              [31743.2,-1.01572,17813.3]
            ],
            "props": {
              "speed": 300.0,
              "moveType": "MOVETO_STRAIGHT"
            }
          },
          "ships_04_wp_11": {
            "type": "normal",
            "tm": [
              [0.0871555,0.0,0.996195],
              [0.0,1.0,0.0],
              [-0.996195,0.0,0.0871555],
              [32287.3,-1.01572,18434.5]
            ],
            "props": {
              "speed": 300.0,
              "moveType": "MOVETO_STRAIGHT"
            }
          },
          "ships_04_wp_12": {
            "type": "normal",
            "tm": [
              [0.0871555,0.0,0.996195],
              [0.0,1.0,0.0],
              [-0.996195,0.0,0.0871555],
              [32993.7,-1.01572,18875.6]
            ],
            "props": {
              "speed": 300.0,
              "moveType": "MOVETO_STRAIGHT"
            }
          },
          "ships_04_wp_13": {
            "type": "normal",
            "tm": [
              [0.0871555,0.0,0.996195],
              [0.0,1.0,0.0],
              [-0.996195,0.0,0.0871555],
              [33842.8,-1.01572,18981.3]
            ],
            "props": {
              "speed": 300.0,
              "moveType": "MOVETO_STRAIGHT"
            }
          },
          "ships_04_wp_14": {
            "type": "normal",
            "tm": [
              [0.0871555,0.0,0.996195],
              [0.0,1.0,0.0],
              [-0.996195,0.0,0.0871555],
              [34706.2,-1.01572,18691.8]
            ],
            "props": {
              "speed": 300.0,
              "moveType": "MOVETO_STRAIGHT"
            }
          },
          "ships_04_wp_15": {
            "type": "normal",
            "tm": [
              [0.0871555,0.0,0.996195],
              [0.0,1.0,0.0],
              [-0.996195,0.0,0.0871555],
              [35314.8,-1.01572,18291.2]
            ],
            "props": {
              "speed": 300.0,
              "moveType": "MOVETO_STRAIGHT"
            }
          },
          "ships_04_wp_16": {
            "type": "normal",
            "tm": [
              [0.0871555,0.0,0.996195],
              [0.0,1.0,0.0],
              [-0.996195,0.0,0.0871555],
              [35732.3,-1.01572,17655.6]
            ],
            "props": {
              "speed": 300.0,
              "moveType": "MOVETO_STRAIGHT"
            }
          },
          "ships_04_wp_17": {
            "type": "normal",
            "tm": [
              [0.0871555,0.0,0.996195],
              [0.0,1.0,0.0],
              [-0.996195,0.0,0.0871555],
              [35899.2,-1.01572,16794.4]
            ],
            "props": {
              "speed": 300.0,
              "moveType": "MOVETO_STRAIGHT"
            }
          }
        }
      }
    },
    {
      "infantry": {
        "name": "infantry_01",
        "tm": [
          [-0.793353,0.0,-0.608761],
          [0.0,1.0,0.0],
          [0.608761,0.0,-0.793353],
          [23836.8,70.7,23683.2]
        ],
        "closed_waypoints": true,
        "unit_class": "rifle_infantry",
        "weapons": "",
        "props": {
          "army": 1,
          "attack_type": "fire_at_will",
          "count": 2,
          "skin": "britain"
        },
        "way": {
          "infantry_01_wp_01": {
            "type": "normal",
            "tm": [
              [1.0,0.0,0.0],
              [0.0,1.0,0.0],
              [0.0,0.0,1.0],
              [23795.7,70.65,23652.1]
            ],
            "props": {
              "speed": 300.0,
              "moveType": "MOVETO_STRAIGHT"
            }
          },
          "infantry_01_wp_02": {
            "type": "normal",
            "tm": [
              [1.0,0.0,0.0],
              [0.0,1.0,0.0],
              [0.0,0.0,1.0],
              [23733.5,70.65,23654.7]
            ],
            "props": {
              "speed": 300.0,
              "moveType": "MOVETO_STRAIGHT"
            }
          },
          "infantry_01_wp_03": {
            "type": "normal",
            "tm": [
              [1.0,0.0,0.0],
              [0.0,1.0,0.0],
              [0.0,0.0,1.0],
              [23696.6,70.7,23668.2]
            ],
            "props": {
              "speed": 300.0,
              "moveType": "MOVETO_STRAIGHT"
            }
          },
          "infantry_01_wp_04": {
            "type": "normal",
            "tm": [
              [1.0,0.0,0.0],
              [0.0,1.0,0.0],
              [0.0,0.0,1.0],
              [23669.1,70.7,23692.4]
            ],
            "props": {
              "speed": 300.0,
              "moveType": "MOVETO_STRAIGHT"
            }
          },
          "infantry_01_wp_05": {
            "type": "normal",
            "tm": [
              [1.0,0.0,0.0],
              [0.0,1.0,0.0],
              [0.0,0.0,1.0],
              [23656.9,70.7,23693.9]
            ],
            "props": {
              "speed": 300.0,
              "moveType": "MOVETO_STRAIGHT"
            }
          },
          "infantry_01_wp_06": {
            "type": "normal",
            "tm": [
              [1.0,0.0,0.0],
              [0.0,1.0,0.0],
              [0.0,0.0,1.0],
              [23647.1,70.7,23680.7]
            ],
            "props": {
              "speed": 300.0,
              "moveType": "MOVETO_STRAIGHT"
            }
          },
          "infantry_01_wp_07": {
            "type": "normal",
            "tm": [
              [1.0,0.0,0.0],
              [0.0,1.0,0.0],
              [0.0,0.0,1.0],
              [23657.5,70.7,23667.7]
            ],
            "props": {
              "speed": 300.0,
              "moveType": "MOVETO_STRAIGHT"
            }
          },
          "infantry_01_wp_08": {
            "type": "normal",
            "tm": [
              [1.0,0.0,0.0],
              [0.0,1.0,0.0],
              [0.0,0.0,1.0],
              [23804.0,70.7,23635.5]
            ],
            "props": {
              "speed": 300.0,
              "moveType": "MOVETO_STRAIGHT"
            }
          },
          "infantry_01_wp_09": {
            "type": "normal",
            "tm": [
              [1.0,0.0,0.0],
              [0.0,1.0,0.0],
              [0.0,0.0,1.0],
              [23840.6,70.65,23633.1]
            ],
            "props": {
              "speed": 300.0,
              "moveType": "MOVETO_STRAIGHT"
            }
          },
          "infantry_01_wp_10": {
            "type": "normal",
            "tm": [
              [1.0,0.0,0.0],
              [0.0,1.0,0.0],
              [0.0,0.0,1.0],
              [23866.9,70.7,23648.6]
            ],
            "props": {
              "speed": 300.0,
              "moveType": "MOVETO_STRAIGHT"
            }
          },
          "infantry_01_wp_11": {
            "type": "normal",
            "tm": [
              [1.0,0.0,0.0],
              [0.0,1.0,0.0],
              [0.0,0.0,1.0],
              [23865.7,70.65,23669.9]
            ],
            "props": {
              "speed": 300.0,
              "moveType": "MOVETO_STRAIGHT"
            }
          },
          "infantry_01_wp_12": {
            "type": "normal",
            "tm": [
              [1.0,0.0,0.0],
              [0.0,1.0,0.0],
              [0.0,0.0,1.0],
              [23842.6,70.7,23675.8]
            ],
            "props": {
              "speed": 300.0,
              "moveType": "MOVETO_STRAIGHT"
            }
          }
        }
      }
    },
    {
      "wheeled_vehicles": {
        "name": "wheeled_vehicles_03",
        "tm": [
          [0.984808,0.0,-0.173648],
          [0.0,1.0,0.0],
          [0.173648,0.0,0.984808],
          [24330.7,70.65,23514.6]
        ],
        "closed_waypoints": false,
        "unit_class": "uk_ford_fat2",
        "weapons": "",
        "props": {
          "army": 1,
          "count": 2,
          "formation_type": "cols",
          "formation_div": 1,
          "formation_step": [7.0,5.0],
          "formation_noise": [0.1,0.1],
          "uniqueName": "",
          "attack_type": "fire_at_will"
        },
        "way": {
          "wheeled_vehicles_03_wp_01": {
            "type": "normal",
            "tm": [
              [1.0,0.0,0.0],
              [0.0,1.0,0.0],
              [0.0,0.0,1.0],
              [24423.5,70.7,23491.0]
            ],
            "props": {
              "speed": 300.0,
              "moveType": "MOVETO_STRAIGHT"
            }
          },
          "wheeled_vehicles_03_wp_02": {
            "type": "normal",
            "tm": [
              [1.0,0.0,0.0],
              [0.0,1.0,0.0],
              [0.0,0.0,1.0],
              [24479.3,70.65,23489.9]
            ],
            "props": {
              "speed": 300.0,
              "moveType": "MOVETO_STRAIGHT"
            }
          },
          "wheeled_vehicles_03_wp_03": {
            "type": "normal",
            "tm": [
              [1.0,0.0,0.0],
              [0.0,1.0,0.0],
              [0.0,0.0,1.0],
              [24530.1,70.65,23517.6]
            ],
            "props": {
              "speed": 300.0,
              "moveType": "MOVETO_STRAIGHT"
            }
          },
          "wheeled_vehicles_03_wp_04": {
            "type": "normal",
            "tm": [
              [1.0,0.0,0.0],
              [0.0,1.0,0.0],
              [0.0,0.0,1.0],
              [25072.4,70.7,24009.3]
            ],
            "props": {
              "speed": 300.0,
              "moveType": "MOVETO_STRAIGHT"
            }
          },
          "wheeled_vehicles_03_wp_05": {
            "type": "normal",
            "tm": [
              [1.0,0.0,0.0],
              [0.0,1.0,0.0],
              [0.0,0.0,1.0],
              [25075.7,70.65,24030.3]
            ],
            "props": {
              "speed": 300.0,
              "moveType": "MOVETO_STRAIGHT"
            }
          },
          "wheeled_vehicles_03_wp_06": {
            "type": "normal",
            "tm": [
              [1.0,0.0,0.0],
              [0.0,1.0,0.0],
              [0.0,0.0,1.0],
              [25039.9,70.65,24069.7]
            ],
            "props": {
              "speed": 300.0,
              "moveType": "MOVETO_STRAIGHT"
            }
          },
          "wheeled_vehicles_03_wp_07": {
            "type": "normal",
            "tm": [
              [1.0,0.0,0.0],
              [0.0,1.0,0.0],
              [0.0,0.0,1.0],
              [25012.3,70.65,24061.5]
            ],
            "props": {
              "speed": 300.0,
              "moveType": "MOVETO_STRAIGHT"
            }
          },
          "wheeled_vehicles_03_wp_08": {
            "type": "normal",
            "tm": [
              [1.0,0.0,0.0],
              [0.0,1.0,0.0],
              [0.0,0.0,1.0],
              [24977.0,70.65,24040.4]
            ],
            "props": {
              "speed": 300.0,
              "moveType": "MOVETO_STRAIGHT"
            }
          },
          "wheeled_vehicles_03_wp_09": {
            "type": "normal",
            "tm": [
              [1.0,0.0,0.0],
              [0.0,1.0,0.0],
              [0.0,0.0,1.0],
              [24930.6,70.7,24001.9]
            ],
            "props": {
              "speed": 300.0,
              "moveType": "MOVETO_STRAIGHT"
            }
          },
          "wheeled_vehicles_03_wp_10": {
            "type": "normal",
            "tm": [
              [1.0,0.0,0.0],
              [0.0,1.0,0.0],
              [0.0,0.0,1.0],
              [24872.9,70.7,23945.9]
            ],
            "props": {
              "speed": 300.0,
              "moveType": "MOVETO_STRAIGHT"
            }
          },
          "wheeled_vehicles_03_wp_11": {
            "type": "normal",
            "tm": [
              [1.0,0.0,0.0],
              [0.0,1.0,0.0],
              [0.0,0.0,1.0],
              [24804.2,70.65,23887.9]
            ],
            "props": {
              "speed": 300.0,
              "moveType": "MOVETO_STRAIGHT"
            }
          },
          "wheeled_vehicles_03_wp_12": {
            "type": "normal",
            "tm": [
              [1.0,0.0,0.0],
              [0.0,1.0,0.0],
              [0.0,0.0,1.0],
              [24762.1,70.65,23853.2]
            ],
            "props": {
              "speed": 300.0,
              "moveType": "MOVETO_STRAIGHT"
            }
          },
          "wheeled_vehicles_03_wp_13": {
            "type": "normal",
            "tm": [
              [1.0,0.0,0.0],
              [0.0,1.0,0.0],
              [0.0,0.0,1.0],
              [24729.1,70.7,23805.6]
            ],
            "props": {
              "speed": 300.0,
              "moveType": "MOVETO_STRAIGHT"
            }
          },
          "wheeled_vehicles_03_wp_14": {
            "type": "normal",
            "tm": [
              [1.0,0.0,0.0],
              [0.0,1.0,0.0],
              [0.0,0.0,1.0],
              [24716.3,70.65,23762.8]
            ],
            "props": {
              "speed": 300.0,
              "moveType": "MOVETO_STRAIGHT"
            }
          },
          "wheeled_vehicles_03_wp_15": {
            "type": "normal",
            "tm": [
              [1.0,0.0,0.0],
              [0.0,1.0,0.0],
              [0.0,0.0,1.0],
              [24712.7,70.65,23722.6]
            ],
            "props": {
              "speed": 300.0,
              "moveType": "MOVETO_STRAIGHT"
            }
          },
          "wheeled_vehicles_03_wp_16": {
            "type": "normal",
            "tm": [
              [1.0,0.0,0.0],
              [0.0,1.0,0.0],
              [0.0,0.0,1.0],
              [24690.4,70.7,23684.3]
            ],
            "props": {
              "speed": 300.0,
              "moveType": "MOVETO_STRAIGHT"
            }
          },
          "wheeled_vehicles_03_wp_17": {
            "type": "normal",
            "tm": [
              [1.0,0.0,0.0],
              [0.0,1.0,0.0],
              [0.0,0.0,1.0],
              [24656.5,70.65,23652.9]
            ],
            "props": {
              "speed": 300.0,
              "moveType": "MOVETO_STRAIGHT"
            }
          },
          "wheeled_vehicles_03_wp_18": {
            "type": "normal",
            "tm": [
              [1.0,0.0,0.0],
              [0.0,1.0,0.0],
              [0.0,0.0,1.0],
              [24523.2,70.65,23530.8]
            ],
            "props": {
              "speed": 300.0,
              "moveType": "MOVETO_STRAIGHT"
            }
          },
          "wheeled_vehicles_03_wp_19": {
            "type": "normal",
            "tm": [
              [1.0,0.0,0.0],
              [0.0,1.0,0.0],
              [0.0,0.0,1.0],
              [24480.0,70.7,23513.9]
            ],
            "props": {
              "speed": 300.0,
              "moveType": "MOVETO_STRAIGHT"
            }
          },
          "wheeled_vehicles_03_wp_20": {
            "type": "normal",
            "tm": [
              [1.0,0.0,0.0],
              [0.0,1.0,0.0],
              [0.0,0.0,1.0],
              [24441.2,70.65,23508.5]
            ],
            "props": {
              "speed": 300.0,
              "moveType": "MOVETO_STRAIGHT"
            }
          },
          "wheeled_vehicles_03_wp_21": {
            "type": "normal",
            "tm": [
              [1.0,0.0,0.0],
              [0.0,1.0,0.0],
              [0.0,0.0,1.0],
              [24384.0,70.65,23515.5]
            ],
            "props": {
              "speed": 300.0,
              "moveType": "MOVETO_STRAIGHT"
            }
          },
          "wheeled_vehicles_03_wp_22": {
            "type": "normal",
            "tm": [
              [1.0,0.0,0.0],
              [0.0,1.0,0.0],
              [0.0,0.0,1.0],
              [23463.8,70.65,23704.0]
            ],
            "props": {
              "speed": 300.0,
              "moveType": "MOVETO_STRAIGHT"
            }
          },
          "wheeled_vehicles_03_wp_23": {
            "type": "normal",
            "tm": [
              [1.0,0.0,0.0],
              [0.0,1.0,0.0],
              [0.0,0.0,1.0],
              [23393.4,70.65,23719.2]
            ],
            "props": {
              "speed": 300.0,
              "moveType": "MOVETO_STRAIGHT"
            }
          },
          "wheeled_vehicles_03_wp_24": {
            "type": "normal",
            "tm": [
              [1.0,0.0,0.0],
              [0.0,1.0,0.0],
              [0.0,0.0,1.0],
              [23355.1,70.65,23727.2]
            ],
            "props": {
              "speed": 300.0,
              "moveType": "MOVETO_STRAIGHT"
            }
          },
          "wheeled_vehicles_03_wp_25": {
            "type": "normal",
            "tm": [
              [1.0,0.0,0.0],
              [0.0,1.0,0.0],
              [0.0,0.0,1.0],
              [23335.5,70.65,23714.2]
            ],
            "props": {
              "speed": 300.0,
              "moveType": "MOVETO_STRAIGHT"
            }
          },
          "wheeled_vehicles_03_wp_26": {
            "type": "normal",
            "tm": [
              [1.0,0.0,0.0],
              [0.0,1.0,0.0],
              [0.0,0.0,1.0],
              [23339.3,70.65,23697.0]
            ],
