{
  "selected_tag": "",
  "bin_dump_file": "",
  "mission_settings": {
    "atmosphere": {
      "pressure": 760.0,
      "temperature": 15.0
    },
    "player": {
      "army": 1,
      "wing": "t1_player01"
    },
    "player_teamB": {
      "army": 2
    },
    "mission": {
      "name": "untitled",
      "type": "singleMission",
      "level": "levels/avn_far_east.bin",
      "campaign": "UserMissions",
      "restoreType": "attempts",
      "optionalTakeOff": false,
      "missionDebriefing": "",
      "missionBriefing": "",
      "environment": "Day",
      "weather": "hazy",
      "missionType": {
        "_Dom": false,
        "_Conq": false,
        "_CnvA": false,
        "_CnvB": false,
        "_ArtDA": false,
        "_ArtDB": false,
        "_Bttl": false,
        "_DBttlA": false,
        "_DBttlB": false,
        "_Bto": false,
        "_Flc": false,
        "_v1_race_straight": false,
        "_v1_race_inverted": false,
        "_v2_race_straight": false,
        "_v2_race_inverted": false,
        "_Conq1": false,
        "_Conq2": false,
        "_Conq3": false,
        "_Conq4": false,
        "_Conq5": false,
        "_Conq6": false
      },
      "tags": []
    },
    "spectator_points": [],
    "cover_points": [],
    "aiParams": {
      "aiEffectivenessViscosity": 90.0,
      "effectivenessDistances": [2500.0,7000.0]
    }
  },
  "imports": [],
  "triggers": {
    "isCategory": true,
    "is_enabled": true,
    "hide_buoy": {
      "is_enabled": true,
      "comments": "",
      "props": {
        "actionsType": "PERFORM_ONE_BY_ONE",
        "conditionsType": "ALL",
        "enableAfterComplete": false
      },
      "events": {
        "periodicEvent": {
          "time": 1.0
        }
      },
      "conditions": [],
      "actions": {
        "unitSetProperties": {
          "object_marking": 0,
          "object": "buoy_sq",
          "targetableByAi": false,
          "stealthRadius": 0.0
        }
      },
      "else_actions": []
    }
  },
  "mission_objectives": {
    "isCategory": true,
    "is_enabled": true
  },
  "variables": [],
  "dialogs": [],
  "airfields": [],
  "effects": [],
  "units": [
    {
      "ships": {
        "name": "t1_player01",
        "tm": [
          [-0.0323637,0.0,0.999476],
          [0.0,1.0,0.0],
          [-0.999476,0.0,-0.0323637],
          [220.55,-4.95,-1947.7]
        ],
        "unit_class": "ussr_destroyer_7y",
        "objLayer": 1,
        "closed_waypoints": false,
        "isShipSpline": false,
        "shipTurnRadius": 100.0,
        "weapons": "",
        "bullets0": "",
        "bullets1": "",
        "bullets2": "",
        "bullets3": "",
        "bulletsCount0": 0,
        "bulletsCount1": 0,
        "bulletsCount2": 0,
        "bulletsCount3": 0,
        "props": {
          "army": 2,
          "count": 1,
          "formation_type": "rows",
          "formation_div": 3,
          "formation_step": [2.5,2.0],
          "formation_noise": [0.1,0.1],
          "uniqueName": "",
          "attack_type": "fire_at_will"
        },
        "way": []
      }
    },
    {
      "armada": {
        "name": "t1_player02",
        "tm": [
          [0.952787,0.0429567,-0.300583],
          [-0.0432462,0.999049,0.00569386],
          [0.300542,0.00757444,0.953739],
          [27140.9,689.475,-11327.6]
        ],
        "unit_class": "dummy_plane",
        "objLayer": 0,
        "closed_waypoints": false,
        "isShipSpline": false,
        "shipTurnRadius": 100.0,
        "weapons": "",
        "bullets0": "",
        "bullets1": "",
        "bullets2": "",
        "bullets3": "",
        "bulletsCount0": 0,
        "bulletsCount1": 0,
        "bulletsCount2": 0,
        "bulletsCount3": 0,
        "props": {
          "army": 1,
          "free_distance": 70.0,
          "floating_distance": 50.0,
          "minimum_distance_to_earth": 20.0,
          "altLimit": 6000.0,
          "attack_type": "fire_at_will",
          "skill": 4,
          "count": 1,
          "uniqueName": "",
          "plane": {
            "wing_formation": "F_DEFAULT",
            "ai_skill": "NORMAL",
            "task": "FLY_WAYPOINT",
            "row_distances": 1.5,
            "col_distances": 1.5,
            "super_formation": "Diamond",
            "super_row_distances": 1.5,
            "super_col_distances": 1.5
          }
        },
        "way": []
      }
    },
    {
      "armada": {
        "name": "t1_player03",
        "tm": [
          [0.952787,0.0429567,-0.300583],
          [-0.0432462,0.999049,0.00569386],
          [0.300542,0.00757444,0.953739],
          [26988.7,689.475,-11291.5]
        ],
        "unit_class": "dummy_plane",
        "objLayer": 0,
        "closed_waypoints": false,
        "isShipSpline": false,
        "shipTurnRadius": 100.0,
        "weapons": "",
        "bullets0": "",
        "bullets1": "",
        "bullets2": "",
        "bullets3": "",
        "bulletsCount0": 0,
        "bulletsCount1": 0,
        "bulletsCount2": 0,
        "bulletsCount3": 0,
        "props": {
          "army": 1,
          "free_distance": 70.0,
          "floating_distance": 50.0,
          "minimum_distance_to_earth": 20.0,
          "altLimit": 6000.0,
          "attack_type": "fire_at_will",
          "skill": 4,
          "count": 1,
          "uniqueName": "",
          "plane": {
            "wing_formation": "F_DEFAULT",
            "ai_skill": "NORMAL",
            "task": "FLY_WAYPOINT",
            "row_distances": 1.5,
            "col_distances": 1.5,
            "super_formation": "Diamond",
            "super_row_distances": 1.5,
            "super_col_distances": 1.5
          }
        },
        "way": []
      }
    },
    {
      "armada": {
        "name": "t1_player04",
        "tm": [
          [0.952787,0.0429567,-0.300583],
          [-0.0432462,0.999049,0.00569386],
          [0.300542,0.00757444,0.953739],
          [26824.8,689.475,-11280.7]
        ],
        "unit_class": "dummy_plane",
        "objLayer": 0,
        "closed_waypoints": false,
        "isShipSpline": false,
        "shipTurnRadius": 100.0,
        "weapons": "",
        "bullets0": "",
        "bullets1": "",
        "bullets2": "",
        "bullets3": "",
        "bulletsCount0": 0,
        "bulletsCount1": 0,
        "bulletsCount2": 0,
        "bulletsCount3": 0,
        "props": {
          "army": 1,
          "free_distance": 70.0,
          "floating_distance": 50.0,
          "minimum_distance_to_earth": 20.0,
          "altLimit": 6000.0,
          "attack_type": "fire_at_will",
          "skill": 4,
          "count": 1,
          "uniqueName": "",
          "plane": {
            "wing_formation": "F_DEFAULT",
            "ai_skill": "NORMAL",
            "task": "FLY_WAYPOINT",
            "row_distances": 1.5,
            "col_distances": 1.5,
            "super_formation": "Diamond",
            "super_row_distances": 1.5,
            "super_col_distances": 1.5
          }
        },
        "way": []
      }
    },
    {
      "armada": {
        "name": "t1_player05",
        "tm": [
          [0.952787,0.0429567,-0.300583],
          [-0.0432462,0.999049,0.00569386],
          [0.300542,0.00757444,0.953739],
          [26525.9,689.475,-11209.6]
        ],
        "unit_class": "dummy_plane",
        "objLayer": 0,
        "closed_waypoints": false,
        "isShipSpline": false,
        "shipTurnRadius": 100.0,
        "weapons": "",
        "bullets0": "",
        "bullets1": "",
        "bullets2": "",
        "bullets3": "",
        "bulletsCount0": 0,
        "bulletsCount1": 0,
        "bulletsCount2": 0,
        "bulletsCount3": 0,
        "props": {
          "army": 1,
          "free_distance": 70.0,
          "floating_distance": 50.0,
          "minimum_distance_to_earth": 20.0,
          "altLimit": 6000.0,
          "attack_type": "fire_at_will",
          "skill": 4,
          "count": 1,
          "uniqueName": "",
          "plane": {
            "wing_formation": "F_DEFAULT",
            "ai_skill": "NORMAL",
            "task": "FLY_WAYPOINT",
            "row_distances": 1.5,
            "col_distances": 1.5,
            "super_formation": "Diamond",
            "super_row_distances": 1.5,
            "super_col_distances": 1.5
          }
        },
        "way": []
      }
    },
    {
      "armada": {
        "name": "t1_player06",
        "tm": [
          [0.952787,0.0429567,-0.300583],
          [-0.0432462,0.999049,0.00569386],
          [0.300542,0.00757444,0.953739],
          [26285.5,689.475,-11193.9]
        ],
        "unit_class": "dummy_plane",
        "objLayer": 0,
        "closed_waypoints": false,
        "isShipSpline": false,
        "shipTurnRadius": 100.0,
        "weapons": "",
        "bullets0": "",
        "bullets1": "",
        "bullets2": "",
        "bullets3": "",
        "bulletsCount0": 0,
        "bulletsCount1": 0,
        "bulletsCount2": 0,
        "bulletsCount3": 0,
        "props": {
          "army": 1,
          "free_distance": 70.0,
          "floating_distance": 50.0,
          "minimum_distance_to_earth": 20.0,
          "altLimit": 6000.0,
          "attack_type": "fire_at_will",
          "skill": 4,
          "count": 1,
          "uniqueName": "",
          "plane": {
            "wing_formation": "F_DEFAULT",
            "ai_skill": "NORMAL",
            "task": "FLY_WAYPOINT",
            "row_distances": 1.5,
            "col_distances": 1.5,
            "super_formation": "Diamond",
            "super_row_distances": 1.5,
            "super_col_distances": 1.5
          }
        },
        "way": []
      }
    },
    {
      "armada": {
        "name": "t1_player07",
        "tm": [
          [0.952787,0.0429567,-0.300583],
          [-0.0432462,0.999049,0.00569386],
          [0.300542,0.00757444,0.953739],
          [26072.8,689.475,-11129.4]
        ],
        "unit_class": "dummy_plane",
        "objLayer": 0,
        "closed_waypoints": false,
        "isShipSpline": false,
        "shipTurnRadius": 100.0,
        "weapons": "",
        "bullets0": "",
        "bullets1": "",
        "bullets2": "",
        "bullets3": "",
        "bulletsCount0": 0,
        "bulletsCount1": 0,
        "bulletsCount2": 0,
        "bulletsCount3": 0,
        "props": {
          "army": 1,
          "free_distance": 70.0,
          "floating_distance": 50.0,
          "minimum_distance_to_earth": 20.0,
          "altLimit": 6000.0,
          "attack_type": "fire_at_will",
          "skill": 4,
          "count": 1,
          "uniqueName": "",
          "plane": {
            "wing_formation": "F_DEFAULT",
            "ai_skill": "NORMAL",
            "task": "FLY_WAYPOINT",
            "row_distances": 1.5,
            "col_distances": 1.5,
            "super_formation": "Diamond",
            "super_row_distances": 1.5,
            "super_col_distances": 1.5
          }
        },
        "way": []
      }
    },
    {
      "armada": {
        "name": "t1_player08",
        "tm": [
          [0.952787,0.0429567,-0.300583],
          [-0.0432462,0.999049,0.00569386],
          [0.300542,0.00757444,0.953739],
          [25837.2,689.475,-11114.3]
        ],
        "unit_class": "dummy_plane",
        "objLayer": 0,
        "closed_waypoints": false,
        "isShipSpline": false,
        "shipTurnRadius": 100.0,
        "weapons": "",
        "bullets0": "",
        "bullets1": "",
        "bullets2": "",
        "bullets3": "",
        "bulletsCount0": 0,
        "bulletsCount1": 0,
        "bulletsCount2": 0,
        "bulletsCount3": 0,
        "props": {
          "army": 1,
          "free_distance": 70.0,
          "floating_distance": 50.0,
          "minimum_distance_to_earth": 20.0,
          "altLimit": 6000.0,
          "attack_type": "fire_at_will",
          "skill": 4,
          "count": 1,
          "uniqueName": "",
          "plane": {
            "wing_formation": "F_DEFAULT",
            "ai_skill": "NORMAL",
            "task": "FLY_WAYPOINT",
            "row_distances": 1.5,
            "col_distances": 1.5,
            "super_formation": "Diamond",
            "super_row_distances": 1.5,
            "super_col_distances": 1.5
          }
        },
        "way": []
      }
    },
    {
      "armada": {
        "name": "t1_player09",
        "tm": [
          [0.952787,0.0429567,-0.300583],
          [-0.0432462,0.999049,0.00569386],
          [0.300542,0.00757444,0.953739],
          [25726.6,689.475,-11094.7]
        ],
        "unit_class": "dummy_plane",
        "objLayer": 0,
        "closed_waypoints": false,
        "isShipSpline": false,
        "shipTurnRadius": 100.0,
        "weapons": "",
        "bullets0": "",
        "bullets1": "",
        "bullets2": "",
        "bullets3": "",
        "bulletsCount0": 0,
        "bulletsCount1": 0,
        "bulletsCount2": 0,
        "bulletsCount3": 0,
        "props": {
          "army": 1,
          "free_distance": 70.0,
          "floating_distance": 50.0,
          "minimum_distance_to_earth": 20.0,
          "altLimit": 6000.0,
          "attack_type": "fire_at_will",
          "skill": 4,
          "count": 1,
          "uniqueName": "",
          "plane": {
            "wing_formation": "F_DEFAULT",
            "ai_skill": "NORMAL",
            "task": "FLY_WAYPOINT",
            "row_distances": 1.5,
            "col_distances": 1.5,
            "super_formation": "Diamond",
            "super_row_distances": 1.5,
            "super_col_distances": 1.5
          }
        },
        "way": []
      }
    },
    {
      "armada": {
        "name": "t1_player10",
        "tm": [
          [0.952787,0.0429567,-0.300583],
          [-0.0432462,0.999049,0.00569386],
          [0.300542,0.00757444,0.953739],
          [25519.6,689.475,-11031.5]
        ],
        "unit_class": "dummy_plane",
        "objLayer": 0,
        "closed_waypoints": false,
        "isShipSpline": false,
        "shipTurnRadius": 100.0,
        "weapons": "",
        "bullets0": "",
        "bullets1": "",
        "bullets2": "",
        "bullets3": "",
        "bulletsCount0": 0,
        "bulletsCount1": 0,
        "bulletsCount2": 0,
        "bulletsCount3": 0,
        "props": {
          "army": 1,
          "free_distance": 70.0,
          "floating_distance": 50.0,
          "minimum_distance_to_earth": 20.0,
          "altLimit": 6000.0,
          "attack_type": "fire_at_will",
          "skill": 4,
          "count": 1,
          "uniqueName": "",
          "plane": {
            "wing_formation": "F_DEFAULT",
            "ai_skill": "NORMAL",
            "task": "FLY_WAYPOINT",
            "row_distances": 1.5,
            "col_distances": 1.5,
            "super_formation": "Diamond",
            "super_row_distances": 1.5,
            "super_col_distances": 1.5
          }
        },
        "way": []
      }
    },
    {
      "armada": {
        "name": "t1_player11",
        "tm": [
          [0.952787,0.0429567,-0.300583],
          [-0.0432462,0.999049,0.00569386],
          [0.300542,0.00757444,0.953739],
          [25258.0,689.475,-11002.7]
        ],
        "unit_class": "dummy_plane",
        "objLayer": 0,
        "closed_waypoints": false,
        "isShipSpline": false,
        "shipTurnRadius": 100.0,
        "weapons": "",
        "bullets0": "",
        "bullets1": "",
        "bullets2": "",
        "bullets3": "",
        "bulletsCount0": 0,
        "bulletsCount1": 0,
        "bulletsCount2": 0,
        "bulletsCount3": 0,
        "props": {
          "army": 1,
          "free_distance": 70.0,
          "floating_distance": 50.0,
          "minimum_distance_to_earth": 20.0,
          "altLimit": 6000.0,
          "attack_type": "fire_at_will",
          "skill": 4,
          "count": 1,
          "uniqueName": "",
          "plane": {
            "wing_formation": "F_DEFAULT",
            "ai_skill": "NORMAL",
            "task": "FLY_WAYPOINT",
            "row_distances": 1.5,
            "col_distances": 1.5,
            "super_formation": "Diamond",
            "super_row_distances": 1.5,
            "super_col_distances": 1.5
          }
        },
        "way": []
      }
    },
    {
      "armada": {
        "name": "t1_player12",
        "tm": [
          [0.952787,0.0429567,-0.300583],
          [-0.0432462,0.999049,0.00569386],
          [0.300542,0.00757444,0.953739],
          [25131.0,689.475,-10945.3]
        ],
        "unit_class": "dummy_plane",
        "objLayer": 0,
        "closed_waypoints": false,
        "isShipSpline": false,
        "shipTurnRadius": 100.0,
        "weapons": "",
        "bullets0": "",
        "bullets1": "",
        "bullets2": "",
        "bullets3": "",
        "bulletsCount0": 0,
        "bulletsCount1": 0,
        "bulletsCount2": 0,
        "bulletsCount3": 0,
        "props": {
          "army": 1,
          "free_distance": 70.0,
          "floating_distance": 50.0,
          "minimum_distance_to_earth": 20.0,
          "altLimit": 6000.0,
          "attack_type": "fire_at_will",
          "skill": 4,
          "count": 1,
          "uniqueName": "",
          "plane": {
            "wing_formation": "F_DEFAULT",
            "ai_skill": "NORMAL",
            "task": "FLY_WAYPOINT",
            "row_distances": 1.5,
            "col_distances": 1.5,
            "super_formation": "Diamond",
            "super_row_distances": 1.5,
            "super_col_distances": 1.5
          }
        },
        "way": []
      }
    },
    {
      "armada": {
        "name": "t1_player13",
        "tm": [
          [0.952787,0.0429567,-0.300583],
          [-0.0432462,0.999049,0.00569386],
          [0.300542,0.00757444,0.953739],
          [25005.0,689.475,-10888.3]
        ],
        "unit_class": "dummy_plane",
        "objLayer": 0,
        "closed_waypoints": false,
        "isShipSpline": false,
        "shipTurnRadius": 100.0,
        "weapons": "",
        "bullets0": "",
        "bullets1": "",
        "bullets2": "",
        "bullets3": "",
        "bulletsCount0": 0,
        "bulletsCount1": 0,
        "bulletsCount2": 0,
        "bulletsCount3": 0,
        "props": {
          "army": 1,
          "free_distance": 70.0,
          "floating_distance": 50.0,
          "minimum_distance_to_earth": 20.0,
          "altLimit": 6000.0,
          "attack_type": "fire_at_will",
          "skill": 4,
          "count": 1,
          "uniqueName": "",
          "plane": {
            "wing_formation": "F_DEFAULT",
            "ai_skill": "NORMAL",
            "task": "FLY_WAYPOINT",
            "row_distances": 1.5,
            "col_distances": 1.5,
            "super_formation": "Diamond",
            "super_row_distances": 1.5,
            "super_col_distances": 1.5
          }
        },
        "way": []
      }
    },
    {
      "armada": {
        "name": "t1_player14",
        "tm": [
          [0.952787,0.0429567,-0.300583],
          [-0.0432462,0.999049,0.00569386],
          [0.300542,0.00757444,0.953739],
          [24811.9,689.475,-10889.0]
        ],
        "unit_class": "dummy_plane",
        "objLayer": 0,
        "closed_waypoints": false,
        "isShipSpline": false,
        "shipTurnRadius": 100.0,
        "weapons": "",
        "bullets0": "",
        "bullets1": "",
        "bullets2": "",
        "bullets3": "",
        "bulletsCount0": 0,
        "bulletsCount1": 0,
        "bulletsCount2": 0,
        "bulletsCount3": 0,
        "props": {
          "army": 1,
          "free_distance": 70.0,
          "floating_distance": 50.0,
          "minimum_distance_to_earth": 20.0,
          "altLimit": 6000.0,
          "attack_type": "fire_at_will",
          "skill": 4,
          "count": 1,
          "uniqueName": "",
          "plane": {
            "wing_formation": "F_DEFAULT",
            "ai_skill": "NORMAL",
            "task": "FLY_WAYPOINT",
            "row_distances": 1.5,
            "col_distances": 1.5,
            "super_formation": "Diamond",
            "super_row_distances": 1.5,
            "super_col_distances": 1.5
          }
        },
        "way": []
      }
    },
    {
      "armada": {
        "name": "t1_player15",
        "tm": [
          [0.952787,0.0429567,-0.300583],
          [-0.0432462,0.999049,0.00569386],
          [0.300542,0.00757444,0.953739],
          [24613.9,689.475,-10828.2]
        ],
        "unit_class": "dummy_plane",
        "objLayer": 0,
        "closed_waypoints": false,
        "isShipSpline": false,
        "shipTurnRadius": 100.0,
        "weapons": "",
        "bullets0": "",
        "bullets1": "",
        "bullets2": "",
        "bullets3": "",
        "bulletsCount0": 0,
        "bulletsCount1": 0,
        "bulletsCount2": 0,
        "bulletsCount3": 0,
        "props": {
          "army": 1,
          "free_distance": 70.0,
          "floating_distance": 50.0,
          "minimum_distance_to_earth": 20.0,
          "altLimit": 6000.0,
          "attack_type": "fire_at_will",
          "skill": 4,
          "count": 1,
          "uniqueName": "",
          "plane": {
            "wing_formation": "F_DEFAULT",
            "ai_skill": "NORMAL",
            "task": "FLY_WAYPOINT",
            "row_distances": 1.5,
            "col_distances": 1.5,
            "super_formation": "Diamond",
            "super_row_distances": 1.5,
            "super_col_distances": 1.5
          }
        },
        "way": []
      }
    },
    {
      "armada": {
        "name": "t1_player16",
        "tm": [
          [0.952787,0.0429567,-0.300583],
          [-0.0432462,0.999049,0.00569386],
          [0.300542,0.00757444,0.953739],
          [24430.1,689.475,-10744.5]
        ],
        "unit_class": "dummy_plane",
        "objLayer": 0,
        "closed_waypoints": false,
        "isShipSpline": false,
        "shipTurnRadius": 100.0,
        "weapons": "",
        "bullets0": "",
        "bullets1": "",
        "bullets2": "",
        "bullets3": "",
        "bulletsCount0": 0,
        "bulletsCount1": 0,
        "bulletsCount2": 0,
        "bulletsCount3": 0,
        "props": {
          "army": 1,
          "free_distance": 70.0,
          "floating_distance": 50.0,
          "minimum_distance_to_earth": 20.0,
          "altLimit": 6000.0,
          "attack_type": "fire_at_will",
          "skill": 4,
          "count": 1,
          "uniqueName": "",
          "plane": {
            "wing_formation": "F_DEFAULT",
            "ai_skill": "NORMAL",
            "task": "FLY_WAYPOINT",
            "row_distances": 1.5,
            "col_distances": 1.5,
            "super_formation": "Diamond",
            "super_row_distances": 1.5,
            "super_col_distances": 1.5
          }
        },
        "way": []
      }
    },
    {
      "armada": {
        "name": "t2_player01",
        "tm": [
          [0.952787,0.0429567,-0.300583],
          [-0.0432462,0.999049,0.00569386],
          [0.300542,0.00757444,0.953739],
          [27147.1,689.475,-13182.9]
        ],
        "unit_class": "dummy_plane",
        "objLayer": 0,
        "closed_waypoints": false,
        "isShipSpline": false,
        "shipTurnRadius": 100.0,
        "weapons": "",
        "bullets0": "",
        "bullets1": "",
        "bullets2": "",
        "bullets3": "",
        "bulletsCount0": 0,
        "bulletsCount1": 0,
        "bulletsCount2": 0,
        "bulletsCount3": 0,
        "props": {
          "army": 2,
          "free_distance": 70.0,
          "floating_distance": 50.0,
          "minimum_distance_to_earth": 20.0,
          "altLimit": 6000.0,
          "attack_type": "fire_at_will",
          "skill": 4,
          "count": 1,
          "uniqueName": "",
          "plane": {
            "wing_formation": "F_DEFAULT",
            "ai_skill": "NORMAL",
            "task": "FLY_WAYPOINT",
            "row_distances": 1.5,
            "col_distances": 1.5,
            "super_formation": "Diamond",
            "super_row_distances": 1.5,
            "super_col_distances": 1.5
          }
        },
        "way": []
      }
    },
    {
      "armada": {
        "name": "t2_player02",
        "tm": [
          [0.952787,0.0429567,-0.300583],
          [-0.0432462,0.999049,0.00569386],
          [0.300542,0.00757444,0.953739],
          [26837.8,689.475,-13096.2]
        ],
        "unit_class": "dummy_plane",
        "objLayer": 0,
        "closed_waypoints": false,
        "isShipSpline": false,
        "shipTurnRadius": 100.0,
        "weapons": "",
        "bullets0": "",
        "bullets1": "",
        "bullets2": "",
        "bullets3": "",
        "bulletsCount0": 0,
        "bulletsCount1": 0,
        "bulletsCount2": 0,
        "bulletsCount3": 0,
        "props": {
          "army": 2,
          "free_distance": 70.0,
          "floating_distance": 50.0,
          "minimum_distance_to_earth": 20.0,
          "altLimit": 6000.0,
          "attack_type": "fire_at_will",
          "skill": 4,
          "count": 1,
          "uniqueName": "",
          "plane": {
            "wing_formation": "F_DEFAULT",
            "ai_skill": "NORMAL",
            "task": "FLY_WAYPOINT",
            "row_distances": 1.5,
            "col_distances": 1.5,
            "super_formation": "Diamond",
            "super_row_distances": 1.5,
            "super_col_distances": 1.5
          }
        },
        "way": []
      }
    },
    {
      "armada": {
        "name": "t2_player03",
        "tm": [
          [0.952787,0.0429567,-0.300583],
          [-0.0432462,0.999049,0.00569386],
          [0.300542,0.00757444,0.953739],
          [26567.6,689.475,-13027.6]
        ],
        "unit_class": "dummy_plane",
        "objLayer": 0,
        "closed_waypoints": false,
        "isShipSpline": false,
        "shipTurnRadius": 100.0,
        "weapons": "",
        "bullets0": "",
        "bullets1": "",
        "bullets2": "",
        "bullets3": "",
        "bulletsCount0": 0,
        "bulletsCount1": 0,
        "bulletsCount2": 0,
        "bulletsCount3": 0,
        "props": {
          "army": 2,
          "free_distance": 70.0,
          "floating_distance": 50.0,
          "minimum_distance_to_earth": 20.0,
          "altLimit": 6000.0,
          "attack_type": "fire_at_will",
          "skill": 4,
          "count": 1,
          "uniqueName": "",
          "plane": {
            "wing_formation": "F_DEFAULT",
            "ai_skill": "NORMAL",
            "task": "FLY_WAYPOINT",
            "row_distances": 1.5,
            "col_distances": 1.5,
            "super_formation": "Diamond",
            "super_row_distances": 1.5,
            "super_col_distances": 1.5
          }
        },
        "way": []
      }
    },
    {
      "armada": {
        "name": "t2_player04",
        "tm": [
          [0.952787,0.0429567,-0.300583],
          [-0.0432462,0.999049,0.00569386],
          [0.300542,0.00757444,0.953739],
          [26356.3,689.475,-13018.7]
        ],
        "unit_class": "dummy_plane",
        "objLayer": 0,
        "closed_waypoints": false,
        "isShipSpline": false,
        "shipTurnRadius": 100.0,
        "weapons": "",
        "bullets0": "",
        "bullets1": "",
        "bullets2": "",
        "bullets3": "",
        "bulletsCount0": 0,
        "bulletsCount1": 0,
        "bulletsCount2": 0,
        "bulletsCount3": 0,
        "props": {
          "army": 2,
          "free_distance": 70.0,
          "floating_distance": 50.0,
          "minimum_distance_to_earth": 20.0,
          "altLimit": 6000.0,
          "attack_type": "fire_at_will",
          "skill": 4,
          "count": 1,
          "uniqueName": "",
          "plane": {
            "wing_formation": "F_DEFAULT",
            "ai_skill": "NORMAL",
            "task": "FLY_WAYPOINT",
            "row_distances": 1.5,
            "col_distances": 1.5,
            "super_formation": "Diamond",
            "super_row_distances": 1.5,
            "super_col_distances": 1.5
          }
        },
        "way": []
      }
    },
    {
      "armada": {
        "name": "t2_player05",
        "tm": [
          [0.952787,0.0429567,-0.300583],
          [-0.0432462,0.999049,0.00569386],
          [0.300542,0.00757444,0.953739],
          [26050.0,689.475,-13018.7]
        ],
        "unit_class": "dummy_plane",
        "objLayer": 0,
        "closed_waypoints": false,
        "isShipSpline": false,
        "shipTurnRadius": 100.0,
        "weapons": "",
        "bullets0": "",
        "bullets1": "",
        "bullets2": "",
        "bullets3": "",
        "bulletsCount0": 0,
        "bulletsCount1": 0,
        "bulletsCount2": 0,
        "bulletsCount3": 0,
        "props": {
          "army": 2,
          "free_distance": 70.0,
          "floating_distance": 50.0,
          "minimum_distance_to_earth": 20.0,
          "altLimit": 6000.0,
          "attack_type": "fire_at_will",
          "skill": 4,
          "count": 1,
          "uniqueName": "",
          "plane": {
            "wing_formation": "F_DEFAULT",
            "ai_skill": "NORMAL",
            "task": "FLY_WAYPOINT",
            "row_distances": 1.5,
            "col_distances": 1.5,
            "super_formation": "Diamond",
            "super_row_distances": 1.5,
            "super_col_distances": 1.5
          }
        },
        "way": []
      }
    },
    {
      "armada": {
        "name": "t2_player06",
        "tm": [
          [0.952787,0.0429567,-0.300583],
          [-0.0432462,0.999049,0.00569386],
          [0.300542,0.00757444,0.953739],
          [25876.7,689.475,-13026.7]
        ],
        "unit_class": "dummy_plane",
        "objLayer": 0,
        "closed_waypoints": false,
        "isShipSpline": false,
        "shipTurnRadius": 100.0,
        "weapons": "",
        "bullets0": "",
        "bullets1": "",
        "bullets2": "",
        "bullets3": "",
        "bulletsCount0": 0,
        "bulletsCount1": 0,
        "bulletsCount2": 0,
        "bulletsCount3": 0,
        "props": {
          "army": 2,
          "free_distance": 70.0,
          "floating_distance": 50.0,
          "minimum_distance_to_earth": 20.0,
          "altLimit": 6000.0,
          "attack_type": "fire_at_will",
          "skill": 4,
          "count": 1,
          "uniqueName": "",
          "plane": {
            "wing_formation": "F_DEFAULT",
            "ai_skill": "NORMAL",
            "task": "FLY_WAYPOINT",
            "row_distances": 1.5,
            "col_distances": 1.5,
            "super_formation": "Diamond",
            "super_row_distances": 1.5,
            "super_col_distances": 1.5
          }
        },
        "way": []
      }
    },
    {
      "armada": {
        "name": "t2_player07",
        "tm": [
          [0.952787,0.0429567,-0.300583],
          [-0.0432462,0.999049,0.00569386],
          [0.300542,0.00757444,0.953739],
          [25651.0,689.475,-12976.5]
        ],
        "unit_class": "dummy_plane",
        "objLayer": 0,
        "closed_waypoints": false,
        "isShipSpline": false,
        "shipTurnRadius": 100.0,
        "weapons": "",
        "bullets0": "",
        "bullets1": "",
        "bullets2": "",
        "bullets3": "",
        "bulletsCount0": 0,
        "bulletsCount1": 0,
        "bulletsCount2": 0,
        "bulletsCount3": 0,
        "props": {
          "army": 2,
          "free_distance": 70.0,
          "floating_distance": 50.0,
          "minimum_distance_to_earth": 20.0,
          "altLimit": 6000.0,
          "attack_type": "fire_at_will",
          "skill": 4,
          "count": 1,
          "uniqueName": "",
          "plane": {
            "wing_formation": "F_DEFAULT",
            "ai_skill": "NORMAL",
            "task": "FLY_WAYPOINT",
            "row_distances": 1.5,
            "col_distances": 1.5,
            "super_formation": "Diamond",
            "super_row_distances": 1.5,
            "super_col_distances": 1.5
          }
        },
        "way": []
      }
    },
    {
      "armada": {
        "name": "t2_player08",
        "tm": [
          [0.952787,0.0429567,-0.300583],
          [-0.0432462,0.999049,0.00569386],
          [0.300542,0.00757444,0.953739],
          [25460.5,689.475,-12943.4]
        ],
        "unit_class": "dummy_plane",
        "objLayer": 0,
        "closed_waypoints": false,
        "isShipSpline": false,
        "shipTurnRadius": 100.0,
        "weapons": "",
        "bullets0": "",
        "bullets1": "",
        "bullets2": "",
        "bullets3": "",
        "bulletsCount0": 0,
        "bulletsCount1": 0,
        "bulletsCount2": 0,
        "bulletsCount3": 0,
        "props": {
          "army": 2,
          "free_distance": 70.0,
          "floating_distance": 50.0,
          "minimum_distance_to_earth": 20.0,
          "altLimit": 6000.0,
          "attack_type": "fire_at_will",
          "skill": 4,
          "count": 1,
          "uniqueName": "",
          "plane": {
            "wing_formation": "F_DEFAULT",
            "ai_skill": "NORMAL",
            "task": "FLY_WAYPOINT",
            "row_distances": 1.5,
            "col_distances": 1.5,
            "super_formation": "Diamond",
            "super_row_distances": 1.5,
            "super_col_distances": 1.5
          }
        },
        "way": []
      }
    },
    {
      "armada": {
        "name": "t2_player09",
        "tm": [
          [0.952787,0.0429567,-0.300583],
          [-0.0432462,0.999049,0.00569386],
          [0.300542,0.00757444,0.953739],
          [25251.8,689.475,-12869.6]
        ],
        "unit_class": "dummy_plane",
        "objLayer": 0,
        "closed_waypoints": false,
        "isShipSpline": false,
        "shipTurnRadius": 100.0,
        "weapons": "",
        "bullets0": "",
        "bullets1": "",
        "bullets2": "",
        "bullets3": "",
        "bulletsCount0": 0,
        "bulletsCount1": 0,
        "bulletsCount2": 0,
        "bulletsCount3": 0,
        "props": {
          "army": 2,
          "free_distance": 70.0,
          "floating_distance": 50.0,
          "minimum_distance_to_earth": 20.0,
          "altLimit": 6000.0,
          "attack_type": "fire_at_will",
          "skill": 4,
          "count": 1,
          "uniqueName": "",
          "plane": {
            "wing_formation": "F_DEFAULT",
            "ai_skill": "NORMAL",
            "task": "FLY_WAYPOINT",
            "row_distances": 1.5,
            "col_distances": 1.5,
            "super_formation": "Diamond",
            "super_row_distances": 1.5,
            "super_col_distances": 1.5
          }
        },
        "way": []
      }
    },
    {
      "armada": {
        "name": "t2_player10",
        "tm": [
          [0.952787,0.0429567,-0.300583],
          [-0.0432462,0.999049,0.00569386],
          [0.300542,0.00757444,0.953739],
          [25057.8,689.475,-12772.2]
        ],
        "unit_class": "dummy_plane",
        "objLayer": 0,
        "closed_waypoints": false,
        "isShipSpline": false,
        "shipTurnRadius": 100.0,
        "weapons": "",
        "bullets0": "",
        "bullets1": "",
        "bullets2": "",
        "bullets3": "",
        "bulletsCount0": 0,
        "bulletsCount1": 0,
        "bulletsCount2": 0,
        "bulletsCount3": 0,
        "props": {
          "army": 2,
          "free_distance": 70.0,
          "floating_distance": 50.0,
          "minimum_distance_to_earth": 20.0,
          "altLimit": 6000.0,
          "attack_type": "fire_at_will",
          "skill": 4,
          "count": 1,
          "uniqueName": "",
          "plane": {
            "wing_formation": "F_DEFAULT",
            "ai_skill": "NORMAL",
            "task": "FLY_WAYPOINT",
            "row_distances": 1.5,
            "col_distances": 1.5,
            "super_formation": "Diamond",
            "super_row_distances": 1.5,
            "super_col_distances": 1.5
          }
        },
        "way": []
      }
    },
    {
      "armada": {
        "name": "t2_player11",
        "tm": [
          [0.952787,0.0429567,-0.300583],
          [-0.0432462,0.999049,0.00569386],
          [0.300542,0.00757444,0.953739],
          [24840.9,689.475,-12724.4]
        ],
        "unit_class": "dummy_plane",
        "objLayer": 0,
        "closed_waypoints": false,
        "isShipSpline": false,
        "shipTurnRadius": 100.0,
        "weapons": "",
        "bullets0": "",
        "bullets1": "",
        "bullets2": "",
        "bullets3": "",
        "bulletsCount0": 0,
        "bulletsCount1": 0,
        "bulletsCount2": 0,
        "bulletsCount3": 0,
        "props": {
          "army": 2,
          "free_distance": 70.0,
          "floating_distance": 50.0,
          "minimum_distance_to_earth": 20.0,
          "altLimit": 6000.0,
          "attack_type": "fire_at_will",
          "skill": 4,
          "count": 1,
          "uniqueName": "",
          "plane": {
            "wing_formation": "F_DEFAULT",
            "ai_skill": "NORMAL",
            "task": "FLY_WAYPOINT",
            "row_distances": 1.5,
            "col_distances": 1.5,
            "super_formation": "Diamond",
            "super_row_distances": 1.5,
            "super_col_distances": 1.5
          }
        },
        "way": []
      }
    },
    {
      "armada": {
        "name": "t2_player12",
        "tm": [
          [0.952787,0.0429567,-0.300583],
          [-0.0432462,0.999049,0.00569386],
          [0.300542,0.00757444,0.953739],
          [24733.2,689.475,-12700.6]
        ],
        "unit_class": "dummy_plane",
        "objLayer": 0,
        "closed_waypoints": false,
        "isShipSpline": false,
        "shipTurnRadius": 100.0,
        "weapons": "",
        "bullets0": "",
        "bullets1": "",
        "bullets2": "",
        "bullets3": "",
        "bulletsCount0": 0,
        "bulletsCount1": 0,
        "bulletsCount2": 0,
        "bulletsCount3": 0,
        "props": {
          "army": 2,
          "free_distance": 70.0,
          "floating_distance": 50.0,
          "minimum_distance_to_earth": 20.0,
          "altLimit": 6000.0,
          "attack_type": "fire_at_will",
          "skill": 4,
          "count": 1,
          "uniqueName": "",
          "plane": {
            "wing_formation": "F_DEFAULT",
            "ai_skill": "NORMAL",
            "task": "FLY_WAYPOINT",
            "row_distances": 1.5,
            "col_distances": 1.5,
            "super_formation": "Diamond",
            "super_row_distances": 1.5,
            "super_col_distances": 1.5
          }
        },
        "way": []
      }
    },
    {
