{
  "selected_tag": "",
  "bin_dump_file": "",
  "mission_settings": {
    "atmosphere": {
      "pressure": 760.0,
      "temperature": 15.0
    },
    "player": {
      "army": 1,
      "wing": "bdt_armada"
    },
    "player_teamB": {
      "army": 2
    },
    "mission": {
      "name": "untitled",
      "level": "levels/water.bin",
      "type": "singleMission",
      "restoreType": "attempts",
      "optionalTakeOff": true,
      "campaign": "UserMissions",
      "environment": "Day",
      "weather": "hazy",
      "missionDebriefing": "",
      "missionBriefing": "",
      "tags": [],
      "missionType": {
        "_Dom": false,
        "_Conq": false,
        "_Bttl": false,
        "_Bto": false,
        "_Flc": false,
        "_v1_race_straight": false,
        "_v1_race_inverted": false,
        "_v2_race_straight": false,
        "_v2_race_inverted": false,
        "_Conq1": false,
        "_Conq2": false,
        "_Conq3": false,
        "_Conq4": false,
        "_Conq5": false,
        "_Conq6": false,
        "_CnvA": false,
        "_CnvB": false,
        "_ArtDA": false,
        "_ArtDB": false,
        "_DBttlA": false,
        "_DBttlB": false
      }
    },
    "spectator_points": [],
    "cover_points": [],
    "aiParams": {
      "aiEffectivenessViscosity": 90.0,
      "effectivenessDistances": [2500.0,7000.0]
    }
  },
  "imports": {
    "import_record": {
      "file": "gameData/missions/templates/air_templates/jip/air_bdt_bases_destroy_template.blk",
      "importAreas": true,
      "importUnits": true,
      "importTriggers": true,
      "importMissionObjectives": true,
      "importWayPoints": true,
      "showAreas": true,
      "showUnits": true,
      "showTriggers": true,
      "showMissionObjectives": true,
      "showWayPoints": true,
      "excludes": []
    }
  },
  "triggers": {
    "isCategory": true,
    "is_enabled": true,
    "bdt_part_init": {
      "is_enabled": true,
      "comments": "",
      "props": {
        "actionsType": "PERFORM_ONE_BY_ONE",
        "conditionsType": "ALL",
        "enableAfterComplete": false
      },
      "events": {
        "initMission": []
      },
      "conditions": [],
      "actions": [
        {
          "comment": {
            "value": "указываем максимальное количество баз +1"
          }
        },
        {
          "varSetInt": {
            "value": 9,
            "var": "bdt_t1_total_bases_max_count"
          }
        },
        {
          "varSetInt": {
            "value": 9,
            "var": "bdt_t2_total_bases_max_count"
          }
        },
        {
          "comment": {
            "value": "говорим что шаблон сам себя рестартит"
          }
        },
        {
          "varSetBool": {
            "value": true,
            "var": "bdt_self_restart"
          }
        }
      ],
      "else_actions": []
    }
  },
  "mission_objectives": {
    "isCategory": true,
    "is_enabled": true
  },
  "variables": [],
  "dialogs": [],
  "airfields": [],
  "effects": [],
  "units": [
    {
      "objectGroups": {
        "name": "bdt_t1_bomb_target_01",
        "tm": [
          [-0.923879,0.0,0.382683],
          [0.0,1.0,0.0],
          [-0.382683,0.0,-0.923879],
          [171.15,147.114,15979.7]
        ],
        "unit_class": "cargo_zone_square",
        "objLayer": 2,
        "props": {
          "army": 1,
          "active": true
        }
      }
    },
    {
      "objectGroups": {
        "name": "bdt_t1_bomb_target_02",
        "tm": [
          [-0.965927,0.0,0.258819],
          [0.0,1.0,0.0],
          [-0.258819,0.0,-0.965927],
          [16509.2,149.363,14766.5]
        ],
        "unit_class": "cargo_zone_square",
        "objLayer": 2,
        "props": {
          "army": 1,
          "active": true
        }
      }
    },
    {
      "objectGroups": {
        "name": "bdt_t1_bomb_target_03",
        "tm": [
          [-0.642788,0.0,0.766044],
          [0.0,1.0,0.0],
          [-0.766044,0.0,-0.642788],
          [13782.5,237.693,7611.95]
        ],
        "unit_class": "cargo_zone_square",
        "objLayer": 2,
        "props": {
          "army": 1,
          "active": true
        }
      }
    },
    {
      "objectGroups": {
        "name": "bdt_t1_bomb_target_04",
        "tm": [
          [-0.939693,0.0,0.342021],
          [0.0,1.0,0.0],
          [-0.342021,0.0,-0.939693],
          [23630.9,256.096,6668.85]
        ],
        "unit_class": "cargo_zone_square",
        "objLayer": 2,
        "props": {
          "army": 1,
          "active": true
        }
      }
    },
    {
      "objectGroups": {
        "name": "bdt_t1_bomb_target_05",
        "tm": [
          [-0.0871553,0.0,0.996194],
          [0.0,1.0,0.0],
          [-0.996194,0.0,-0.0871553],
          [973.0,221.118,6746.75]
        ],
        "unit_class": "cargo_zone_square",
        "objLayer": 2,
        "props": {
          "army": 1,
          "active": true
        }
      }
    },
    {
      "objectGroups": {
        "name": "bdt_t1_bomb_target_06",
        "tm": [
          [-0.999049,0.0,-0.043619],
          [0.0,1.0,0.0],
          [0.043619,0.0,-0.999049],
          [-20419.9,225.65,7428.85]
        ],
        "unit_class": "cargo_zone_square",
        "objLayer": 2,
        "props": {
          "army": 1,
          "active": true
        }
      }
    },
    {
      "objectGroups": {
        "name": "bdt_t1_bomb_target_07",
        "tm": [
          [-0.991444,0.0,0.130526],
          [0.0,1.0,0.0],
          [-0.130526,0.0,-0.991444],
          [-9750.4,72.5663,8546.15]
        ],
        "unit_class": "cargo_zone_square",
        "objLayer": 2,
        "props": {
          "army": 1,
          "active": true
        }
      }
    },
    {
      "objectGroups": {
        "name": "bdt_t1_bomb_target_08",
        "tm": [
          [-0.906307,0.0,-0.422618],
          [0.0,1.0,0.0],
          [0.422618,0.0,-0.906307],
          [-25283.3,219.674,12119.9]
        ],
        "unit_class": "cargo_zone_square",
        "objLayer": 2,
        "props": {
          "army": 1,
          "active": true
        }
      }
    },
    {
      "objectGroups": {
        "name": "bdt_t2_bomb_target_01",
        "tm": [
          [-0.819153,0.0,0.573577],
          [0.0,1.0,0.0],
          [-0.573577,0.0,-0.819153],
          [-17615.7,315.403,-16167.8]
        ],
        "unit_class": "cargo_zone_square",
        "objLayer": 2,
        "props": {
          "army": 2,
          "active": true
        }
      }
    },
    {
      "objectGroups": {
        "name": "bdt_t2_bomb_target_02",
        "tm": [
          [-0.843393,0.0,0.537301],
          [0.0,1.0,0.0],
          [-0.537301,0.0,-0.843393],
          [23701.1,257.986,-9261.8]
        ],
        "unit_class": "cargo_zone_square",
        "objLayer": 2,
        "props": {
          "army": 2,
          "active": true
        }
      }
    },
    {
      "objectGroups": {
        "name": "bdt_t2_bomb_target_03",
        "tm": [
          [-0.843393,0.0,0.537301],
          [0.0,1.0,0.0],
          [-0.537301,0.0,-0.843393],
          [5568.3,282.9,-7853.3]
        ],
        "unit_class": "cargo_zone_square",
        "objLayer": 2,
        "props": {
          "army": 2,
          "active": true
        }
      }
    },
    {
      "objectGroups": {
        "name": "bdt_t2_bomb_target_04",
        "tm": [
          [-0.923881,0.0,0.382684],
          [0.0,1.0,0.0],
          [-0.382684,0.0,-0.923881],
          [26440.9,278.516,-15489.4]
        ],
        "unit_class": "cargo_zone_square",
        "objLayer": 2,
        "props": {
          "army": 2,
          "active": true
        }
      }
    },
    {
      "objectGroups": {
        "name": "bdt_t2_bomb_target_05",
        "tm": [
          [-0.991445,0.0,0.130526],
          [0.0,1.0,0.0],
          [-0.130526,0.0,-0.991445],
          [-3786.1,143.859,-8099.05]
        ],
        "unit_class": "cargo_zone_square",
        "objLayer": 2,
        "props": {
          "army": 2,
          "active": true
        }
      }
    },
    {
      "objectGroups": {
        "name": "bdt_t2_bomb_target_06",
        "tm": [
          [-0.866026,0.0,0.500001],
          [0.0,1.0,0.0],
          [-0.500001,0.0,-0.866026],
          [-21795.7,290.818,-9128.25]
        ],
        "unit_class": "cargo_zone_square",
        "objLayer": 2,
        "props": {
          "army": 2,
          "active": true
        }
      }
    },
    {
      "objectGroups": {
        "name": "bdt_t2_bomb_target_07",
        "tm": [
          [-0.965926,0.0,0.25882],
          [0.0,1.0,0.0],
          [-0.25882,0.0,-0.965926],
          [8072.05,136.32,-16924.1]
        ],
        "unit_class": "cargo_zone_square",
        "objLayer": 2,
        "props": {
          "army": 2,
          "active": true
        }
      }
    },
    {
      "objectGroups": {
        "name": "bdt_t2_bomb_target_08",
        "tm": [
          [-0.999048,0.0,0.0436203],
          [0.0,1.0,0.0],
          [-0.0436203,0.0,-0.999048],
          [-14693.3,297.584,-8691.3]
        ],
        "unit_class": "cargo_zone_square",
        "objLayer": 2,
        "props": {
          "army": 2,
          "active": true
        }
      }
    },
    {
      "armada": {
        "name": "bdt_armada",
        "tm": [
          [-0.707107,0.0,0.707106],
          [0.0,1.0,0.0],
          [-0.707106,0.0,-0.707107],
          [18651.2,1388.0,2378.32]
        ],
        "unit_class": "b-17g",
        "objLayer": 1,
        "closed_waypoints": false,
        "isShipSpline": false,
        "shipTurnRadius": 100.0,
        "weapons": "B17G_8x1000lbs",
        "bullets0": "",
        "bullets1": "",
        "bullets2": "",
        "bullets3": "",
        "bulletsCount0": 0,
        "bulletsCount1": 0,
        "bulletsCount2": 0,
        "bulletsCount3": 0,
        "props": {
          "army": 2,
          "count": 1,
          "free_distance": 70.0,
          "floating_distance": 50.0,
          "minimum_distance_to_earth": 20.0,
          "altLimit": 6000.0,
          "attack_type": "fire_at_will",
          "skill": 4,
          "plane": {
            "wing_formation": "Diamond",
            "row_distances": 3.0,
            "col_distances": 3.0,
            "super_formation": "Diamond",
            "super_row_distances": 1.5,
            "super_col_distances": 1.5,
            "ai_skill": "NORMAL",
            "task": "FLY_WAYPOINT"
          }
        },
        "way": []
      }
    },
    {
      "structures": {
        "name": "bdt_t1_bomb_zone_01_bomb_target",
        "tm": [
          [-0.923879,0.0,0.382683],
          [0.0,1.0,0.0],
          [-0.382683,0.0,-0.923879],
          [171.15,147.114,15979.7]
        ],
        "unit_class": "dummy",
        "objLayer": 2,
        "closed_waypoints": false,
        "isShipSpline": false,
        "shipTurnRadius": 100.0,
        "weapons": "",
        "bullets0": "",
        "bullets1": "",
        "bullets2": "",
        "bullets3": "",
        "bulletsCount0": 0,
        "bulletsCount1": 0,
        "bulletsCount2": 0,
        "bulletsCount3": 0,
        "props": {
          "army": 1,
          "count": 1,
          "formation_type": "rows",
          "formation_div": 3,
          "formation_step": [2.5,2.0],
          "formation_noise": [0.1,0.1],
          "uniqueName": "",
          "attack_type": "fire_at_will",
          "stealthRadius": 0.0,
          "setStealth": true,
          "targetableByAi": false
        },
        "way": []
      }
    },
    {
      "structures": {
        "name": "bdt_t1_bomb_zone_02_bomb_target",
        "tm": [
          [-0.965927,0.0,0.258819],
          [0.0,1.0,0.0],
          [-0.258819,0.0,-0.965927],
          [16509.2,149.363,14766.5]
        ],
        "unit_class": "dummy",
        "objLayer": 2,
        "closed_waypoints": false,
        "isShipSpline": false,
        "shipTurnRadius": 100.0,
        "weapons": "",
        "bullets0": "",
        "bullets1": "",
        "bullets2": "",
        "bullets3": "",
        "bulletsCount0": 0,
        "bulletsCount1": 0,
        "bulletsCount2": 0,
        "bulletsCount3": 0,
        "props": {
          "army": 1,
          "count": 1,
          "formation_type": "rows",
          "formation_div": 3,
          "formation_step": [2.5,2.0],
          "formation_noise": [0.1,0.1],
          "uniqueName": "",
          "attack_type": "fire_at_will",
          "stealthRadius": 0.0,
          "setStealth": true,
          "targetableByAi": false
        },
        "way": []
      }
    },
    {
      "structures": {
        "name": "bdt_t1_bomb_zone_03_bomb_target",
        "tm": [
          [-0.642788,0.0,0.766044],
          [0.0,1.0,0.0],
          [-0.766044,0.0,-0.642788],
          [13782.5,237.693,7611.95]
        ],
        "unit_class": "dummy",
        "objLayer": 2,
        "closed_waypoints": false,
        "isShipSpline": false,
        "shipTurnRadius": 100.0,
        "weapons": "",
        "bullets0": "",
        "bullets1": "",
        "bullets2": "",
        "bullets3": "",
        "bulletsCount0": 0,
        "bulletsCount1": 0,
        "bulletsCount2": 0,
        "bulletsCount3": 0,
        "props": {
          "army": 1,
          "count": 1,
          "formation_type": "rows",
          "formation_div": 3,
          "formation_step": [2.5,2.0],
          "formation_noise": [0.1,0.1],
          "uniqueName": "",
          "attack_type": "fire_at_will",
          "stealthRadius": 0.0,
          "setStealth": true,
          "targetableByAi": false
        },
        "way": []
      }
    },
    {
      "structures": {
        "name": "bdt_t1_bomb_zone_04_bomb_target",
        "tm": [
          [-0.939693,0.0,0.342021],
          [0.0,1.0,0.0],
          [-0.342021,0.0,-0.939693],
          [23630.9,256.096,6668.85]
        ],
        "unit_class": "dummy",
        "objLayer": 2,
        "closed_waypoints": false,
        "isShipSpline": false,
        "shipTurnRadius": 100.0,
        "weapons": "",
        "bullets0": "",
        "bullets1": "",
        "bullets2": "",
        "bullets3": "",
        "bulletsCount0": 0,
        "bulletsCount1": 0,
        "bulletsCount2": 0,
        "bulletsCount3": 0,
        "props": {
          "army": 1,
          "count": 1,
          "formation_type": "rows",
          "formation_div": 3,
          "formation_step": [2.5,2.0],
          "formation_noise": [0.1,0.1],
          "uniqueName": "",
          "attack_type": "fire_at_will",
          "stealthRadius": 0.0,
          "setStealth": true,
          "targetableByAi": false
        },
        "way": []
      }
    },
    {
      "structures": {
        "name": "bdt_t1_bomb_zone_05_bomb_target",
        "tm": [
          [-0.0871553,0.0,0.996194],
          [0.0,1.0,0.0],
          [-0.996194,0.0,-0.0871553],
          [973.0,221.118,6746.75]
        ],
        "unit_class": "dummy",
        "objLayer": 2,
        "closed_waypoints": false,
        "isShipSpline": false,
        "shipTurnRadius": 100.0,
        "weapons": "",
        "bullets0": "",
        "bullets1": "",
        "bullets2": "",
        "bullets3": "",
        "bulletsCount0": 0,
        "bulletsCount1": 0,
        "bulletsCount2": 0,
        "bulletsCount3": 0,
        "props": {
          "army": 1,
          "count": 1,
          "formation_type": "rows",
          "formation_div": 3,
          "formation_step": [2.5,2.0],
          "formation_noise": [0.1,0.1],
          "uniqueName": "",
          "attack_type": "fire_at_will",
          "stealthRadius": 0.0,
          "setStealth": true,
          "targetableByAi": false
        },
        "way": []
      }
    },
    {
      "structures": {
        "name": "bdt_t1_bomb_zone_08_bomb_target",
        "tm": [
          [-0.906307,0.0,-0.422618],
          [0.0,1.0,0.0],
          [0.422618,0.0,-0.906307],
          [-25283.3,219.674,12119.9]
        ],
        "unit_class": "dummy",
        "objLayer": 2,
        "closed_waypoints": false,
        "isShipSpline": false,
        "shipTurnRadius": 100.0,
        "weapons": "",
        "bullets0": "",
        "bullets1": "",
        "bullets2": "",
        "bullets3": "",
        "bulletsCount0": 0,
        "bulletsCount1": 0,
        "bulletsCount2": 0,
        "bulletsCount3": 0,
        "props": {
          "army": 1,
          "count": 1,
          "formation_type": "rows",
          "formation_div": 3,
          "formation_step": [2.5,2.0],
          "formation_noise": [0.1,0.1],
          "uniqueName": "",
          "attack_type": "fire_at_will",
          "stealthRadius": 0.0,
          "setStealth": true,
          "targetableByAi": false
        },
        "way": []
      }
    },
    {
      "structures": {
        "name": "bdt_t1_bomb_zone_07_bomb_target",
        "tm": [
          [-0.991444,0.0,0.130526],
          [0.0,1.0,0.0],
          [-0.130526,0.0,-0.991444],
          [-9750.4,72.5663,8546.15]
        ],
        "unit_class": "dummy",
        "objLayer": 2,
        "closed_waypoints": false,
        "isShipSpline": false,
        "shipTurnRadius": 100.0,
        "weapons": "",
        "bullets0": "",
        "bullets1": "",
        "bullets2": "",
        "bullets3": "",
        "bulletsCount0": 0,
        "bulletsCount1": 0,
        "bulletsCount2": 0,
        "bulletsCount3": 0,
        "props": {
          "army": 1,
          "count": 1,
          "formation_type": "rows",
          "formation_div": 3,
          "formation_step": [2.5,2.0],
          "formation_noise": [0.1,0.1],
          "uniqueName": "",
          "attack_type": "fire_at_will",
          "stealthRadius": 0.0,
          "setStealth": true,
          "targetableByAi": false
        },
        "way": []
      }
    },
    {
      "structures": {
        "name": "bdt_t2_bomb_zone_06_bomb_target",
        "tm": [
          [-0.866026,0.0,0.500001],
          [0.0,1.0,0.0],
          [-0.500001,0.0,-0.866026],
          [-21795.7,290.818,-9128.25]
        ],
        "unit_class": "dummy",
        "objLayer": 2,
        "closed_waypoints": false,
        "isShipSpline": false,
        "shipTurnRadius": 100.0,
        "weapons": "",
        "bullets0": "",
        "bullets1": "",
        "bullets2": "",
        "bullets3": "",
        "bulletsCount0": 0,
        "bulletsCount1": 0,
        "bulletsCount2": 0,
        "bulletsCount3": 0,
        "props": {
          "army": 2,
          "count": 1,
          "formation_type": "rows",
          "formation_div": 3,
          "formation_step": [2.5,2.0],
          "formation_noise": [0.1,0.1],
          "uniqueName": "",
          "attack_type": "fire_at_will",
          "stealthRadius": 0.0,
          "setStealth": true,
          "targetableByAi": false
        },
        "way": []
      }
    },
    {
      "structures": {
        "name": "bdt_t2_bomb_zone_05_bomb_target",
        "tm": [
          [-0.991445,0.0,0.130526],
          [0.0,1.0,0.0],
          [-0.130526,0.0,-0.991445],
          [-3786.1,143.859,-8099.05]
        ],
        "unit_class": "dummy",
        "objLayer": 2,
        "closed_waypoints": false,
        "isShipSpline": false,
        "shipTurnRadius": 100.0,
        "weapons": "",
        "bullets0": "",
        "bullets1": "",
        "bullets2": "",
        "bullets3": "",
        "bulletsCount0": 0,
        "bulletsCount1": 0,
        "bulletsCount2": 0,
        "bulletsCount3": 0,
        "props": {
          "army": 2,
          "count": 1,
          "formation_type": "rows",
          "formation_div": 3,
          "formation_step": [2.5,2.0],
          "formation_noise": [0.1,0.1],
          "uniqueName": "",
          "attack_type": "fire_at_will",
          "stealthRadius": 0.0,
          "setStealth": true,
          "targetableByAi": false
        },
        "way": []
      }
    },
    {
      "structures": {
        "name": "bdt_t2_bomb_zone_07_bomb_target",
        "tm": [
          [-0.965926,0.0,0.25882],
          [0.0,1.0,0.0],
          [-0.25882,0.0,-0.965926],
          [8072.05,136.32,-16924.1]
        ],
        "unit_class": "dummy",
        "objLayer": 2,
        "closed_waypoints": false,
        "isShipSpline": false,
        "shipTurnRadius": 100.0,
        "weapons": "",
        "bullets0": "",
        "bullets1": "",
        "bullets2": "",
        "bullets3": "",
        "bulletsCount0": 0,
        "bulletsCount1": 0,
        "bulletsCount2": 0,
        "bulletsCount3": 0,
        "props": {
          "army": 2,
          "count": 1,
          "formation_type": "rows",
          "formation_div": 3,
          "formation_step": [2.5,2.0],
          "formation_noise": [0.1,0.1],
          "uniqueName": "",
          "attack_type": "fire_at_will",
          "stealthRadius": 0.0,
          "setStealth": true,
          "targetableByAi": false
        },
        "way": []
      }
    },
    {
      "structures": {
        "name": "bdt_t2_bomb_zone_08_bomb_target",
        "tm": [
          [-0.999048,0.0,0.0436203],
          [0.0,1.0,0.0],
          [-0.0436203,0.0,-0.999048],
          [-14693.3,297.584,-8691.3]
        ],
        "unit_class": "dummy",
        "objLayer": 2,
        "closed_waypoints": false,
        "isShipSpline": false,
        "shipTurnRadius": 100.0,
        "weapons": "",
        "bullets0": "",
        "bullets1": "",
        "bullets2": "",
        "bullets3": "",
        "bulletsCount0": 0,
        "bulletsCount1": 0,
        "bulletsCount2": 0,
        "bulletsCount3": 0,
        "props": {
          "army": 2,
          "count": 1,
          "formation_type": "rows",
          "formation_div": 3,
          "formation_step": [2.5,2.0],
          "formation_noise": [0.1,0.1],
          "uniqueName": "",
          "attack_type": "fire_at_will",
          "stealthRadius": 0.0,
          "setStealth": true,
          "targetableByAi": false
        },
        "way": []
      }
    },
    {
      "structures": {
        "name": "bdt_t2_bomb_zone_04_bomb_target",
        "tm": [
          [-0.923881,0.0,0.382684],
          [0.0,1.0,0.0],
          [-0.382684,0.0,-0.923881],
          [26440.9,278.516,-15489.4]
        ],
        "unit_class": "dummy",
        "objLayer": 2,
        "closed_waypoints": false,
        "isShipSpline": false,
        "shipTurnRadius": 100.0,
        "weapons": "",
        "bullets0": "",
        "bullets1": "",
        "bullets2": "",
        "bullets3": "",
        "bulletsCount0": 0,
        "bulletsCount1": 0,
        "bulletsCount2": 0,
        "bulletsCount3": 0,
        "props": {
          "army": 2,
          "count": 1,
          "formation_type": "rows",
          "formation_div": 3,
          "formation_step": [2.5,2.0],
          "formation_noise": [0.1,0.1],
          "uniqueName": "",
          "attack_type": "fire_at_will",
          "stealthRadius": 0.0,
          "setStealth": true,
          "targetableByAi": false
        },
        "way": []
      }
    },
    {
      "structures": {
        "name": "bdt_t2_bomb_zone_03_bomb_target",
        "tm": [
          [-0.843393,0.0,0.537301],
          [0.0,1.0,0.0],
          [-0.537301,0.0,-0.843393],
          [5568.3,282.9,-7853.3]
        ],
        "unit_class": "dummy",
        "objLayer": 2,
        "closed_waypoints": false,
        "isShipSpline": false,
        "shipTurnRadius": 100.0,
        "weapons": "",
        "bullets0": "",
        "bullets1": "",
        "bullets2": "",
        "bullets3": "",
        "bulletsCount0": 0,
        "bulletsCount1": 0,
        "bulletsCount2": 0,
        "bulletsCount3": 0,
        "props": {
          "army": 2,
          "count": 1,
          "formation_type": "rows",
          "formation_div": 3,
          "formation_step": [2.5,2.0],
          "formation_noise": [0.1,0.1],
          "uniqueName": "",
          "attack_type": "fire_at_will",
          "stealthRadius": 0.0,
          "setStealth": true,
          "targetableByAi": false
        },
        "way": []
      }
    },
    {
      "structures": {
        "name": "bdt_t2_bomb_zone_02_bomb_target",
        "tm": [
          [-0.843393,0.0,0.537301],
          [0.0,1.0,0.0],
          [-0.537301,0.0,-0.843393],
          [23701.1,257.986,-9261.8]
        ],
        "unit_class": "dummy",
        "objLayer": 2,
        "closed_waypoints": false,
        "isShipSpline": false,
        "shipTurnRadius": 100.0,
        "weapons": "",
        "bullets0": "",
        "bullets1": "",
        "bullets2": "",
        "bullets3": "",
        "bulletsCount0": 0,
        "bulletsCount1": 0,
        "bulletsCount2": 0,
        "bulletsCount3": 0,
        "props": {
          "army": 2,
          "count": 1,
          "formation_type": "rows",
          "formation_div": 3,
          "formation_step": [2.5,2.0],
          "formation_noise": [0.1,0.1],
          "uniqueName": "",
          "attack_type": "fire_at_will",
          "stealthRadius": 0.0,
          "setStealth": true,
          "targetableByAi": false
        },
        "way": []
      }
    },
    {
      "structures": {
        "name": "bdt_t2_bomb_zone_01_bomb_target",
        "tm": [
          [-0.819153,0.0,0.573577],
          [0.0,1.0,0.0],
          [-0.573577,0.0,-0.819153],
          [-17615.7,315.403,-16167.8]
        ],
        "unit_class": "dummy",
        "objLayer": 2,
        "closed_waypoints": false,
        "isShipSpline": false,
        "shipTurnRadius": 100.0,
        "weapons": "",
        "bullets0": "",
        "bullets1": "",
        "bullets2": "",
        "bullets3": "",
        "bulletsCount0": 0,
        "bulletsCount1": 0,
        "bulletsCount2": 0,
        "bulletsCount3": 0,
        "props": {
          "army": 2,
          "count": 1,
          "formation_type": "rows",
          "formation_div": 3,
          "formation_step": [2.5,2.0],
          "formation_noise": [0.1,0.1],
          "uniqueName": "",
          "attack_type": "fire_at_will",
          "stealthRadius": 0.0,
          "setStealth": true,
          "targetableByAi": false
        },
        "way": []
      }
    },
    {
      "squad": {
        "name": "bdt_t1_targets_squad",
        "tm": [
          [-0.707107,0.0,0.707106],
          [0.0,1.0,0.0],
          [-0.707106,0.0,-0.707107],
          [10173.4,1.75,16956.1]
        ],
        "props": [
          {
            "squad_members": "bdt_t1_bomb_zone_01_bomb_target"
          },
          {
            "squad_members": "bdt_t1_bomb_zone_02_bomb_target"
          },
          {
            "squad_members": "bdt_t1_bomb_zone_03_bomb_target"
          },
          {
            "squad_members": "bdt_t1_bomb_zone_04_bomb_target"
          },
          {
            "squad_members": "bdt_t1_bomb_zone_05_bomb_target"
          },
          {
            "squad_members": "bdt_t1_bomb_zone_08_bomb_target"
          },
          {
            "squad_members": "bdt_t1_bomb_zone_07_bomb_target"
          },
          {
            "squad_members": "bdt_t2_bomb_zone_06_bomb_target"
          }
        ]
      }
    },
    {
      "squad": {
        "name": "bdt_t2_targets_squad",
        "tm": [
          [-0.707107,0.0,0.707106],
          [0.0,1.0,0.0],
          [-0.707106,0.0,-0.707107],
          [8879.65,13.8,-8937.3]
        ],
        "props": [
          {
            "squad_members": "bdt_t2_bomb_zone_06_bomb_target"
          },
          {
            "squad_members": "bdt_t2_bomb_zone_05_bomb_target"
          },
          {
            "squad_members": "bdt_t2_bomb_zone_07_bomb_target"
          },
          {
            "squad_members": "bdt_t2_bomb_zone_08_bomb_target"
          },
          {
            "squad_members": "bdt_t2_bomb_zone_04_bomb_target"
          },
          {
            "squad_members": "bdt_t2_bomb_zone_03_bomb_target"
          },
          {
            "squad_members": "bdt_t2_bomb_zone_02_bomb_target"
          },
          {
            "squad_members": "bdt_t2_bomb_zone_01_bomb_target"
          }
        ]
      }
    },
    {
      "structures": {
        "name": "bdt_t1_bomb_zone_06_bomb_target",
        "tm": [
          [-0.906307,0.0,-0.422618],
          [0.0,1.0,0.0],
          [0.422618,0.0,-0.906307],
          [-20420.5,225.0,7421.35]
        ],
        "unit_class": "dummy",
        "objLayer": 2,
        "closed_waypoints": false,
        "isShipSpline": false,
        "shipTurnRadius": 100.0,
        "weapons": "",
        "bullets0": "",
        "bullets1": "",
        "bullets2": "",
        "bullets3": "",
        "bulletsCount0": 0,
        "bulletsCount1": 0,
        "bulletsCount2": 0,
        "bulletsCount3": 0,
        "props": {
          "army": 1,
          "count": 1,
          "formation_type": "rows",
          "formation_div": 3,
          "formation_step": [2.5,2.0],
          "formation_noise": [0.1,0.1],
          "uniqueName": "",
          "attack_type": "fire_at_will",
          "stealthRadius": 0.0,
          "setStealth": true,
          "targetableByAi": false
        },
        "way": []
      }
    }
  ],
  "areas": {
    "bdt_t1_bomb_zone_01": {
      "type": "Sphere",
      "tm": [
        [-443.505,0.0,230.874],
        [0.0,500.0,0.0],
        [-230.874,0.0,-443.505],
        [146.95,148.089,15990.8]
      ],
      "objLayer": 0,
      "props": []
    },
    "bdt_t1_bomb_zone_02": {
      "type": "Sphere",
      "tm": [
        [-469.847,0.0,171.01],
        [0.0,500.0,0.0],
        [-171.01,0.0,-469.847],
        [16508.9,149.617,14763.3]
      ],
      "objLayer": 0,
      "props": []
    },
    "bdt_t1_bomb_zone_03": {
      "type": "Sphere",
      "tm": [
        [-286.788,0.0,409.576],
        [0.0,500.0,0.0],
        [-409.576,0.0,-286.788],
        [13803.0,238.954,7617.45]
      ],
      "objLayer": 0,
      "props": []
    },
    "bdt_t1_bomb_zone_04": {
      "type": "Sphere",
      "tm": [
        [-353.554,0.0,353.554],
        [0.0,500.0,0.0],
        [-353.554,0.0,-353.554],
        [23622.2,256.122,6671.93]
      ],
      "objLayer": 0,
      "props": []
    },
    "bdt_t1_bomb_zone_05": {
      "type": "Sphere",
      "tm": [
        [171.01,0.0,469.847],
        [0.0,500.0,0.0],
        [-469.847,0.0,171.01],
        [976.346,221.053,6746.67]
      ],
      "objLayer": 0,
      "props": []
    },
    "bdt_t1_bomb_zone_06": {
      "type": "Sphere",
      "tm": [
        [-495.722,0.0,65.2631],
        [0.0,500.0,0.0],
        [-65.2631,0.0,-495.722],
        [-20416.8,225.53,7425.35]
      ],
      "objLayer": 0,
      "props": []
    },
    "bdt_t1_bomb_zone_07": {
      "type": "Sphere",
      "tm": [
        [-353.554,0.0,353.554],
        [0.0,500.0,0.0],
        [-353.554,0.0,-353.554],
        [-9755.1,72.8688,8553.78]
      ],
      "objLayer": 0,
      "props": []
    },
    "bdt_t1_bomb_zone_08": {
      "type": "Sphere",
      "tm": [
        [-488.149,0.0,108.22],
        [0.0,500.0,0.0],
        [-108.22,0.0,-488.149],
        [-25289.1,219.506,12122.9]
      ],
      "objLayer": 0,
      "props": []
    },
    "bdt_t2_bomb_zone_01": {
      "type": "Sphere",
      "tm": [
        [-150.353,0.0,476.859],
        [0.0,500.0,0.0],
        [-476.859,0.0,-150.353],
        [-17613.3,315.538,-16157.5]
      ],
      "objLayer": 0,
      "props": []
    },
    "bdt_t2_bomb_zone_02": {
      "type": "Sphere",
      "tm": [
        [-171.01,0.0,469.846],
        [0.0,500.0,0.0],
        [-469.846,0.0,-171.01],
        [23703.4,258.24,-9268.9]
      ],
      "objLayer": 0,
      "props": []
    },
    "bdt_t2_bomb_zone_03": {
      "type": "Sphere",
      "tm": [
        [-171.01,0.0,469.846],
        [0.0,500.0,0.0],
        [-469.846,0.0,-171.01],
        [5575.9,269.631,-7842.2]
      ],
      "objLayer": 0,
      "props": []
    },
    "bdt_t2_bomb_zone_04": {
      "type": "Sphere",
      "tm": [
        [-250.0,0.0,433.013],
        [0.0,500.0,0.0],
        [-433.013,0.0,-250.0],
        [26432.8,278.96,-15478.9]
      ],
      "objLayer": 0,
      "props": []
    },
    "bdt_t2_bomb_zone_05": {
      "type": "Sphere",
      "tm": [
        [-353.554,0.0,353.554],
        [0.0,500.0,0.0],
        [-353.554,0.0,-353.554],
        [-3793.24,143.907,-8098.35]
      ],
      "objLayer": 0,
      "props": []
    },
    "bdt_t2_bomb_zone_06": {
      "type": "Sphere",
      "tm": [
        [-86.8242,0.0,492.403],
        [0.0,500.0,0.0],
        [-492.403,0.0,-86.8242],
        [-21803.8,289.823,-9129.05]
      ],
      "objLayer": 0,
      "props": []
    },
    "bdt_t2_bomb_zone_07": {
      "type": "Sphere",
      "tm": [
        [-353.554,0.0,353.554],
        [0.0,500.0,0.0],
        [-353.554,0.0,-353.554],
        [8064.29,137.434,-16947.4]
      ],
      "objLayer": 0,
      "props": []
    },
    "bdt_t2_bomb_zone_08": {
      "type": "Sphere",
      "tm": [
        [-353.554,0.0,353.554],
        [0.0,500.0,0.0],
        [-353.554,0.0,-353.554],
        [-14713.3,291.928,-8653.2]
      ],
      "objLayer": 0,
      "props": []
    },
    "bdt_center_area": {
      "type": "Box",
      "tm": [
        [-64000.0,0.0,0.0],
        [0.0,500.0,0.0],
        [0.0,0.0,-11000.0],
        [1154.58,276.781,4.96411]
      ],
      "objLayer": 0,
      "props": []
    }
  },
  "objLayers": [
    {
      "layer": {
        "enabled": true
      }
    },
    {
      "layer": {
        "enabled": true
      }
    },
    {
      "layer": {
        "enabled": true
      }
    },
    {
      "layer": {
        "enabled": true
      }
    }
  ],
  "wayPoints": []
}