{
  "selected_tag": "",
  "bin_dump_file": "",
  "mission_settings": {
    "atmosphere": {
      "pressure": 760.0,
      "temperature": 15.0
    },
    "player": {
      "army": 1,
      "wing": "bdt_armada"
    },
    "player_teamB": {
      "army": 2
    },
    "mission": {
      "name": "untitled",
      "level": "levels/water.bin",
      "type": "singleMission",
      "restoreType": "attempts",
      "optionalTakeOff": true,
      "campaign": "UserMissions",
      "environment": "Day",
      "weather": "hazy",
      "missionDebriefing": "",
      "missionBriefing": "",
      "tags": [],
      "missionType": {
        "_Dom": false,
        "_Conq": false,
        "_Bttl": false,
        "_Bto": false,
        "_Flc": false,
        "_v1_race_straight": false,
        "_v1_race_inverted": false,
        "_v2_race_straight": false,
        "_v2_race_inverted": false,
        "_Conq1": false,
        "_Conq2": false,
        "_Conq3": false,
        "_Conq4": false,
        "_Conq5": false,
        "_Conq6": false,
        "_DBttl": false,
        "_CnvA": false,
        "_CnvB": false,
        "_ArtDA": false,
        "_ArtDB": false,
        "_DBttlA": false,
        "_DBttlB": false
      }
    },
    "spectator_points": [],
    "cover_points": [],
    "aiParams": {
      "aiEffectivenessViscosity": 90.0,
      "effectivenessDistances": [2500.0,7000.0]
    }
  },
  "imports": {
    "import_record": {
      "file": "gameData/missions/templates/air_templates/jip/air_bdt_bases_destroy_template.blk",
      "importAreas": true,
      "importUnits": true,
      "importTriggers": true,
      "importMissionObjectives": true,
      "importWayPoints": true,
      "showAreas": true,
      "showUnits": true,
      "showTriggers": true,
      "showMissionObjectives": true,
      "showWayPoints": true,
      "excludes": []
    }
  },
  "triggers": {
    "isCategory": true,
    "is_enabled": true,
    "bdt_part_init": {
      "is_enabled": true,
      "comments": "",
      "props": {
        "actionsType": "PERFORM_ONE_BY_ONE",
        "conditionsType": "ALL",
        "enableAfterComplete": false
      },
      "events": {
        "initMission": []
      },
      "conditions": [],
      "actions": [
        {
          "comment": {
            "value": "указываем максимальное количество баз +1"
          }
        },
        {
          "varSetInt": {
            "value": 11,
            "var": "bdt_t1_total_bases_max_count"
          }
        },
        {
          "varSetInt": {
            "value": 11,
            "var": "bdt_t2_total_bases_max_count"
          }
        },
        {
          "comment": {
            "value": "говорим что шаблон сам себя рестартит"
          }
        },
        {
          "varSetBool": {
            "value": true,
            "var": "bdt_self_restart"
          }
        }
      ],
      "else_actions": []
    }
  },
  "mission_objectives": {
    "isCategory": true,
    "is_enabled": true
  },
  "variables": [],
  "dialogs": [],
  "airfields": [],
  "effects": [],
  "units": [
    {
      "objectGroups": {
        "name": "bdt_t1_bomb_target_01",
        "tm": [
          [-0.422619,0.0,-0.906308],
          [0.0,1.0,0.0],
          [0.906308,0.0,-0.422619],
          [-7933.07,-0.0493164,17833.2]
        ],
        "unit_class": "cargo_zone_square",
        "objLayer": 2,
        "props": {
          "army": 1,
          "active": true
        }
      }
    },
    {
      "objectGroups": {
        "name": "bdt_t1_bomb_target_02",
        "tm": [
          [-0.843392,0.0,-0.5373],
          [0.0,1.0,0.0],
          [0.5373,0.0,-0.843392],
          [-12720.1,138.481,9950.53]
        ],
        "unit_class": "cargo_zone_square",
        "objLayer": 2,
        "props": {
          "army": 1,
          "active": true
        }
      }
    },
    {
      "objectGroups": {
        "name": "bdt_t1_bomb_target_03",
        "tm": [
          [-0.382684,0.0,-0.92388],
          [0.0,1.0,0.0],
          [0.92388,0.0,-0.382684],
          [-7723.94,35.1246,4695.67]
        ],
        "unit_class": "cargo_zone_square",
        "objLayer": 2,
        "props": {
          "army": 1,
          "active": true
        }
      }
    },
    {
      "objectGroups": {
        "name": "bdt_t1_bomb_target_04",
        "tm": [
          [-0.608762,0.0,-0.793353],
          [0.0,1.0,0.0],
          [0.793353,0.0,-0.608762],
          [-12854.2,182.653,-883.142]
        ],
        "unit_class": "cargo_zone_square",
        "objLayer": 2,
        "props": {
          "army": 1,
          "active": true
        }
      }
    },
    {
      "objectGroups": {
        "name": "bdt_t1_bomb_target_05",
        "tm": [
          [-0.422619,0.0,-0.906308],
          [0.0,1.0,0.0],
          [0.906308,0.0,-0.422619],
          [-15171.1,122.647,-13648.1]
        ],
        "unit_class": "cargo_zone_square",
        "objLayer": 2,
        "props": {
          "army": 1,
          "active": true
        }
      }
    },
    {
      "objectGroups": {
        "name": "bdt_t1_bomb_target_06",
        "tm": [
          [-0.793354,0.0,-0.608761],
          [0.0,1.0,0.0],
          [0.608761,0.0,-0.793354],
          [-6987.35,48.55,-11117.8]
        ],
        "unit_class": "cargo_zone_square",
        "objLayer": 2,
        "props": {
          "army": 1,
          "active": true
        }
      }
    },
    {
      "objectGroups": {
        "name": "bdt_t1_bomb_target_07",
        "tm": [
          [-0.422618,0.0,-0.906307],
          [0.0,1.0,0.0],
          [0.906307,0.0,-0.422618],
          [-7152.15,48.55,-27721.9]
        ],
        "unit_class": "cargo_zone_square",
        "objLayer": 2,
        "props": {
          "army": 1,
          "active": true
        }
      }
    },
    {
      "objectGroups": {
        "name": "bdt_t1_bomb_target_08",
        "tm": [
          [-0.422618,0.0,-0.906307],
          [0.0,1.0,0.0],
          [0.906307,0.0,-0.422618],
          [-13590.5,0.0,-30880.9]
        ],
        "unit_class": "cargo_zone_square",
        "objLayer": 2,
        "props": {
          "army": 1,
          "active": true
        }
      }
    },
    {
      "objectGroups": {
        "name": "bdt_t2_bomb_target_01",
        "tm": [
          [-0.422619,0.0,-0.906309],
          [0.0,1.0,0.0],
          [0.906309,0.0,-0.422619],
          [12163.6,180.255,25654.9]
        ],
        "unit_class": "cargo_zone_square",
        "objLayer": 2,
        "props": {
          "army": 2,
          "active": true
        }
      }
    },
    {
      "objectGroups": {
        "name": "bdt_t2_bomb_target_02",
        "tm": [
          [-0.422619,0.0,-0.906309],
          [0.0,1.0,0.0],
          [0.906309,0.0,-0.422619],
          [12189.6,121.037,3842.33]
        ],
        "unit_class": "cargo_zone_square",
        "objLayer": 2,
        "props": {
          "army": 2,
          "active": true
        }
      }
    },
    {
      "objectGroups": {
        "name": "bdt_t2_bomb_target_03",
        "tm": [
          [-0.932415,0.0,-0.361394],
          [0.0,1.0,0.0],
          [0.361394,0.0,-0.932415],
          [6391.85,37.0435,-374.638]
        ],
        "unit_class": "cargo_zone_square",
        "objLayer": 2,
        "props": {
          "army": 2,
          "active": true
        }
      }
    },
    {
      "objectGroups": {
        "name": "bdt_t2_bomb_target_04",
        "tm": [
          [-0.866026,0.0,-0.5],
          [0.0,1.0,0.0],
          [0.5,0.0,-0.866026],
          [15853.3,205.591,18314.8]
        ],
        "unit_class": "cargo_zone_square",
        "objLayer": 2,
        "props": {
          "army": 2,
          "active": true
        }
      }
    },
    {
      "objectGroups": {
        "name": "bdt_t2_bomb_target_05",
        "tm": [
          [-0.923881,0.0,-0.382684],
          [0.0,1.0,0.0],
          [0.382684,0.0,-0.923881],
          [6691.63,65.7933,-13676.6]
        ],
        "unit_class": "cargo_zone_square",
        "objLayer": 2,
        "props": {
          "army": 2,
          "active": true
        }
      }
    },
    {
      "objectGroups": {
        "name": "bdt_t2_bomb_target_06",
        "tm": [
          [-0.5,0.0,-0.866026],
          [0.0,1.0,0.0],
          [0.866026,0.0,-0.5],
          [6755.41,128.562,-21544.3]
        ],
        "unit_class": "cargo_zone_square",
        "objLayer": 2,
        "props": {
          "army": 2,
          "active": true
        }
      }
    },
    {
      "objectGroups": {
        "name": "bdt_t2_bomb_target_07",
        "tm": [
          [-0.5373,0.0,-0.843392],
          [0.0,1.0,0.0],
          [0.843392,0.0,-0.5373],
          [10448.0,199.444,-19492.7]
        ],
        "unit_class": "cargo_zone_square",
        "objLayer": 2,
        "props": {
          "army": 2,
          "active": true
        }
      }
    },
    {
      "objectGroups": {
        "name": "bdt_t2_bomb_target_08",
        "tm": [
          [-0.342021,0.0,-0.939693],
          [0.0,1.0,0.0],
          [0.939693,0.0,-0.342021],
          [18275.2,-12.0,4556.95]
        ],
        "unit_class": "cargo_zone_square",
        "objLayer": 2,
        "props": {
          "army": 2,
          "active": true
        }
      }
    },
    {
      "armada": {
        "name": "bdt_armada",
        "tm": [
          [-0.887011,0.0,-0.461749],
          [0.0,1.0,0.0],
          [0.461749,0.0,-0.887011],
          [-404.73,1388.0,4441.77]
        ],
        "unit_class": "b-17g",
        "objLayer": 1,
        "closed_waypoints": false,
        "isShipSpline": false,
        "shipTurnRadius": 100.0,
        "weapons": "B17G_8x1000lbs",
        "bullets0": "",
        "bullets1": "",
        "bullets2": "",
        "bullets3": "",
        "bulletsCount0": 0,
        "bulletsCount1": 0,
        "bulletsCount2": 0,
        "bulletsCount3": 0,
        "props": {
          "army": 2,
          "count": 1,
          "free_distance": 70.0,
          "floating_distance": 50.0,
          "minimum_distance_to_earth": 20.0,
          "altLimit": 6000.0,
          "attack_type": "fire_at_will",
          "skill": 4,
          "plane": {
            "wing_formation": "Diamond",
            "row_distances": 3.0,
            "col_distances": 3.0,
            "super_formation": "Diamond",
            "super_row_distances": 1.5,
            "super_col_distances": 1.5,
            "ai_skill": "NORMAL",
            "task": "FLY_WAYPOINT"
          }
        },
        "way": []
      }
    },
    {
      "structures": {
        "name": "bdt_t1_bomb_zone_01_bomb_target",
        "tm": [
          [-0.422619,0.0,-0.906308],
          [0.0,1.0,0.0],
          [0.906308,0.0,-0.422619],
          [-7933.07,-2.99932,17833.2]
        ],
        "unit_class": "dummy",
        "objLayer": 2,
        "closed_waypoints": false,
        "isShipSpline": false,
        "shipTurnRadius": 100.0,
        "weapons": "",
        "bullets0": "",
        "bullets1": "",
        "bullets2": "",
        "bullets3": "",
        "bulletsCount0": 0,
        "bulletsCount1": 0,
        "bulletsCount2": 0,
        "bulletsCount3": 0,
        "props": {
          "army": 1,
          "count": 1,
          "formation_type": "rows",
          "formation_div": 3,
          "formation_step": [2.5,2.0],
          "formation_noise": [0.1,0.1],
          "uniqueName": "",
          "attack_type": "fire_at_will",
          "stealthRadius": 0.0,
          "setStealth": true,
          "targetableByAi": false
        },
        "way": []
      }
    },
    {
      "structures": {
        "name": "bdt_t1_bomb_zone_02_bomb_target",
        "tm": [
          [-0.843392,0.0,-0.5373],
          [0.0,1.0,0.0],
          [0.5373,0.0,-0.843392],
          [-12720.1,138.481,9950.53]
        ],
        "unit_class": "dummy",
        "objLayer": 2,
        "closed_waypoints": false,
        "isShipSpline": false,
        "shipTurnRadius": 100.0,
        "weapons": "",
        "bullets0": "",
        "bullets1": "",
        "bullets2": "",
        "bullets3": "",
        "bulletsCount0": 0,
        "bulletsCount1": 0,
        "bulletsCount2": 0,
        "bulletsCount3": 0,
        "props": {
          "army": 1,
          "count": 1,
          "formation_type": "rows",
          "formation_div": 3,
          "formation_step": [2.5,2.0],
          "formation_noise": [0.1,0.1],
          "uniqueName": "",
          "attack_type": "fire_at_will",
          "stealthRadius": 0.0,
          "setStealth": true,
          "targetableByAi": false
        },
        "way": []
      }
    },
    {
      "structures": {
        "name": "bdt_t1_bomb_zone_03_bomb_target",
        "tm": [
          [-0.382684,0.0,-0.92388],
          [0.0,1.0,0.0],
          [0.92388,0.0,-0.382684],
          [-7723.94,35.1246,4695.67]
        ],
        "unit_class": "dummy",
        "objLayer": 2,
        "closed_waypoints": false,
        "isShipSpline": false,
        "shipTurnRadius": 100.0,
        "weapons": "",
        "bullets0": "",
        "bullets1": "",
        "bullets2": "",
        "bullets3": "",
        "bulletsCount0": 0,
        "bulletsCount1": 0,
        "bulletsCount2": 0,
        "bulletsCount3": 0,
        "props": {
          "army": 1,
          "count": 1,
          "formation_type": "rows",
          "formation_div": 3,
          "formation_step": [2.5,2.0],
          "formation_noise": [0.1,0.1],
          "uniqueName": "",
          "attack_type": "fire_at_will",
          "stealthRadius": 0.0,
          "setStealth": true,
          "targetableByAi": false
        },
        "way": []
      }
    },
    {
      "structures": {
        "name": "bdt_t1_bomb_zone_04_bomb_target",
        "tm": [
          [-0.608762,0.0,-0.793353],
          [0.0,1.0,0.0],
          [0.793353,0.0,-0.608762],
          [-12854.2,182.653,-883.142]
        ],
        "unit_class": "dummy",
        "objLayer": 2,
        "closed_waypoints": false,
        "isShipSpline": false,
        "shipTurnRadius": 100.0,
        "weapons": "",
        "bullets0": "",
        "bullets1": "",
        "bullets2": "",
        "bullets3": "",
        "bulletsCount0": 0,
        "bulletsCount1": 0,
        "bulletsCount2": 0,
        "bulletsCount3": 0,
        "props": {
          "army": 1,
          "count": 1,
          "formation_type": "rows",
          "formation_div": 3,
          "formation_step": [2.5,2.0],
          "formation_noise": [0.1,0.1],
          "uniqueName": "",
          "attack_type": "fire_at_will",
          "stealthRadius": 0.0,
          "setStealth": true,
          "targetableByAi": false
        },
        "way": []
      }
    },
    {
      "structures": {
        "name": "bdt_t1_bomb_zone_05_bomb_target",
        "tm": [
          [-0.422619,0.0,-0.906308],
          [0.0,1.0,0.0],
          [0.906308,0.0,-0.422619],
          [-15171.1,122.647,-13648.1]
        ],
        "unit_class": "dummy",
        "objLayer": 2,
        "closed_waypoints": false,
        "isShipSpline": false,
        "shipTurnRadius": 100.0,
        "weapons": "",
        "bullets0": "",
        "bullets1": "",
        "bullets2": "",
        "bullets3": "",
        "bulletsCount0": 0,
        "bulletsCount1": 0,
        "bulletsCount2": 0,
        "bulletsCount3": 0,
        "props": {
          "army": 1,
          "count": 1,
          "formation_type": "rows",
          "formation_div": 3,
          "formation_step": [2.5,2.0],
          "formation_noise": [0.1,0.1],
          "uniqueName": "",
          "attack_type": "fire_at_will",
          "stealthRadius": 0.0,
          "setStealth": true,
          "targetableByAi": false
        },
        "way": []
      }
    },
    {
      "structures": {
        "name": "bdt_t1_bomb_zone_08_bomb_target",
        "tm": [
          [-0.422618,0.0,-0.906307],
          [0.0,1.0,0.0],
          [0.906307,0.0,-0.422618],
          [-13590.5,0.0,-30880.9]
        ],
        "unit_class": "dummy",
        "objLayer": 2,
        "closed_waypoints": false,
        "isShipSpline": false,
        "shipTurnRadius": 100.0,
        "weapons": "",
        "bullets0": "",
        "bullets1": "",
        "bullets2": "",
        "bullets3": "",
        "bulletsCount0": 0,
        "bulletsCount1": 0,
        "bulletsCount2": 0,
        "bulletsCount3": 0,
        "props": {
          "army": 1,
          "count": 1,
          "formation_type": "rows",
          "formation_div": 3,
          "formation_step": [2.5,2.0],
          "formation_noise": [0.1,0.1],
          "uniqueName": "",
          "attack_type": "fire_at_will",
          "stealthRadius": 0.0,
          "setStealth": true,
          "targetableByAi": false
        },
        "way": []
      }
    },
    {
      "structures": {
        "name": "bdt_t1_bomb_zone_07_bomb_target",
        "tm": [
          [-0.422618,0.0,-0.906307],
          [0.0,1.0,0.0],
          [0.906307,0.0,-0.422618],
          [-7152.15,45.5,-27721.9]
        ],
        "unit_class": "dummy",
        "objLayer": 2,
        "closed_waypoints": false,
        "isShipSpline": false,
        "shipTurnRadius": 100.0,
        "weapons": "",
        "bullets0": "",
        "bullets1": "",
        "bullets2": "",
        "bullets3": "",
        "bulletsCount0": 0,
        "bulletsCount1": 0,
        "bulletsCount2": 0,
        "bulletsCount3": 0,
        "props": {
          "army": 1,
          "count": 1,
          "formation_type": "rows",
          "formation_div": 3,
          "formation_step": [2.5,2.0],
          "formation_noise": [0.1,0.1],
          "uniqueName": "",
          "attack_type": "fire_at_will",
          "stealthRadius": 0.0,
          "setStealth": true,
          "targetableByAi": false
        },
        "way": []
      }
    },
    {
      "structures": {
        "name": "bdt_t2_bomb_zone_06_bomb_target",
        "tm": [
          [-0.5,0.0,-0.866026],
          [0.0,1.0,0.0],
          [0.866026,0.0,-0.5],
          [6755.41,128.562,-21544.3]
        ],
        "unit_class": "dummy",
        "objLayer": 2,
        "closed_waypoints": false,
        "isShipSpline": false,
        "shipTurnRadius": 100.0,
        "weapons": "",
        "bullets0": "",
        "bullets1": "",
        "bullets2": "",
        "bullets3": "",
        "bulletsCount0": 0,
        "bulletsCount1": 0,
        "bulletsCount2": 0,
        "bulletsCount3": 0,
        "props": {
          "army": 2,
          "count": 1,
          "formation_type": "rows",
          "formation_div": 3,
          "formation_step": [2.5,2.0],
          "formation_noise": [0.1,0.1],
          "uniqueName": "",
          "attack_type": "fire_at_will",
          "stealthRadius": 0.0,
          "setStealth": true,
          "targetableByAi": false
        },
        "way": []
      }
    },
    {
      "structures": {
        "name": "bdt_t2_bomb_zone_05_bomb_target",
        "tm": [
          [-0.923881,0.0,-0.382684],
          [0.0,1.0,0.0],
          [0.382684,0.0,-0.923881],
          [6691.63,65.7933,-13676.6]
        ],
        "unit_class": "dummy",
        "objLayer": 2,
        "closed_waypoints": false,
        "isShipSpline": false,
        "shipTurnRadius": 100.0,
        "weapons": "",
        "bullets0": "",
        "bullets1": "",
        "bullets2": "",
        "bullets3": "",
        "bulletsCount0": 0,
        "bulletsCount1": 0,
        "bulletsCount2": 0,
        "bulletsCount3": 0,
        "props": {
          "army": 2,
          "count": 1,
          "formation_type": "rows",
          "formation_div": 3,
          "formation_step": [2.5,2.0],
          "formation_noise": [0.1,0.1],
          "uniqueName": "",
          "attack_type": "fire_at_will",
          "stealthRadius": 0.0,
          "setStealth": true,
          "targetableByAi": false
        },
        "way": []
      }
    },
    {
      "structures": {
        "name": "bdt_t2_bomb_zone_07_bomb_target",
        "tm": [
          [-0.5373,0.0,-0.843392],
          [0.0,1.0,0.0],
          [0.843392,0.0,-0.5373],
          [10448.0,199.444,-19492.7]
        ],
        "unit_class": "dummy",
        "objLayer": 2,
        "closed_waypoints": false,
        "isShipSpline": false,
        "shipTurnRadius": 100.0,
        "weapons": "",
        "bullets0": "",
        "bullets1": "",
        "bullets2": "",
        "bullets3": "",
        "bulletsCount0": 0,
        "bulletsCount1": 0,
        "bulletsCount2": 0,
        "bulletsCount3": 0,
        "props": {
          "army": 2,
          "count": 1,
          "formation_type": "rows",
          "formation_div": 3,
          "formation_step": [2.5,2.0],
          "formation_noise": [0.1,0.1],
          "uniqueName": "",
          "attack_type": "fire_at_will",
          "stealthRadius": 0.0,
          "setStealth": true,
          "targetableByAi": false
        },
        "way": []
      }
    },
    {
      "structures": {
        "name": "bdt_t2_bomb_zone_08_bomb_target",
        "tm": [
          [-0.342021,0.0,-0.939693],
          [0.0,1.0,0.0],
          [0.939693,0.0,-0.342021],
          [18275.2,-12.0,4556.95]
        ],
        "unit_class": "dummy",
        "objLayer": 2,
        "closed_waypoints": false,
        "isShipSpline": false,
        "shipTurnRadius": 100.0,
        "weapons": "",
        "bullets0": "",
        "bullets1": "",
        "bullets2": "",
        "bullets3": "",
        "bulletsCount0": 0,
        "bulletsCount1": 0,
        "bulletsCount2": 0,
        "bulletsCount3": 0,
        "props": {
          "army": 2,
          "count": 1,
          "formation_type": "rows",
          "formation_div": 3,
          "formation_step": [2.5,2.0],
          "formation_noise": [0.1,0.1],
          "uniqueName": "",
          "attack_type": "fire_at_will",
          "stealthRadius": 0.0,
          "setStealth": true,
          "targetableByAi": false
        },
        "way": []
      }
    },
    {
      "structures": {
        "name": "bdt_t2_bomb_zone_04_bomb_target",
        "tm": [
          [-0.866026,0.0,-0.5],
          [0.0,1.0,0.0],
          [0.5,0.0,-0.866026],
          [15853.3,205.591,18314.8]
        ],
        "unit_class": "dummy",
        "objLayer": 2,
        "closed_waypoints": false,
        "isShipSpline": false,
        "shipTurnRadius": 100.0,
        "weapons": "",
        "bullets0": "",
        "bullets1": "",
        "bullets2": "",
        "bullets3": "",
        "bulletsCount0": 0,
        "bulletsCount1": 0,
        "bulletsCount2": 0,
        "bulletsCount3": 0,
        "props": {
          "army": 2,
          "count": 1,
          "formation_type": "rows",
          "formation_div": 3,
          "formation_step": [2.5,2.0],
          "formation_noise": [0.1,0.1],
          "uniqueName": "",
          "attack_type": "fire_at_will",
          "stealthRadius": 0.0,
          "setStealth": true,
          "targetableByAi": false
        },
        "way": []
      }
    },
    {
      "structures": {
        "name": "bdt_t2_bomb_zone_03_bomb_target",
        "tm": [
          [-0.461749,0.0,-0.887012],
          [0.0,1.0,0.0],
          [0.887012,0.0,-0.461749],
          [6373.23,35.364,-374.562]
        ],
        "unit_class": "dummy",
        "objLayer": 2,
        "closed_waypoints": false,
        "isShipSpline": false,
        "shipTurnRadius": 100.0,
        "weapons": "",
        "bullets0": "",
        "bullets1": "",
        "bullets2": "",
        "bullets3": "",
        "bulletsCount0": 0,
        "bulletsCount1": 0,
        "bulletsCount2": 0,
        "bulletsCount3": 0,
        "props": {
          "army": 2,
          "count": 1,
          "formation_type": "rows",
          "formation_div": 3,
          "formation_step": [2.5,2.0],
          "formation_noise": [0.1,0.1],
          "uniqueName": "",
          "attack_type": "fire_at_will",
          "stealthRadius": 0.0,
          "setStealth": true,
          "targetableByAi": false
        },
        "way": []
      }
    },
    {
      "structures": {
        "name": "bdt_t2_bomb_zone_02_bomb_target",
        "tm": [
          [-0.422619,0.0,-0.906309],
          [0.0,1.0,0.0],
          [0.906309,0.0,-0.422619],
          [12189.6,121.037,3842.33]
        ],
        "unit_class": "dummy",
        "objLayer": 2,
        "closed_waypoints": false,
        "isShipSpline": false,
        "shipTurnRadius": 100.0,
        "weapons": "",
        "bullets0": "",
        "bullets1": "",
        "bullets2": "",
        "bullets3": "",
        "bulletsCount0": 0,
        "bulletsCount1": 0,
        "bulletsCount2": 0,
        "bulletsCount3": 0,
        "props": {
          "army": 2,
          "count": 1,
          "formation_type": "rows",
          "formation_div": 3,
          "formation_step": [2.5,2.0],
          "formation_noise": [0.1,0.1],
          "uniqueName": "",
          "attack_type": "fire_at_will",
          "stealthRadius": 0.0,
          "setStealth": true,
          "targetableByAi": false
        },
        "way": []
      }
    },
    {
      "structures": {
        "name": "bdt_t2_bomb_zone_01_bomb_target",
        "tm": [
          [-0.422619,0.0,-0.906309],
          [0.0,1.0,0.0],
          [0.906309,0.0,-0.422619],
          [12163.6,180.255,25654.9]
        ],
        "unit_class": "dummy",
        "objLayer": 2,
        "closed_waypoints": false,
        "isShipSpline": false,
        "shipTurnRadius": 100.0,
        "weapons": "",
        "bullets0": "",
        "bullets1": "",
        "bullets2": "",
        "bullets3": "",
        "bulletsCount0": 0,
        "bulletsCount1": 0,
        "bulletsCount2": 0,
        "bulletsCount3": 0,
        "props": {
          "army": 2,
          "count": 1,
          "formation_type": "rows",
          "formation_div": 3,
          "formation_step": [2.5,2.0],
          "formation_noise": [0.1,0.1],
          "uniqueName": "",
          "attack_type": "fire_at_will",
          "stealthRadius": 0.0,
          "setStealth": true,
          "targetableByAi": false
        },
        "way": []
      }
    },
    {
      "squad": {
        "name": "bdt_t1_targets_squad",
        "tm": [
          [-0.887011,0.0,-0.461749],
          [0.0,1.0,0.0],
          [0.461749,0.0,-0.887011],
          [-16857.2,1.75,739.989]
        ],
        "props": [
          {
            "squad_members": "bdt_t1_bomb_zone_01_bomb_target"
          },
          {
            "squad_members": "bdt_t1_bomb_zone_02_bomb_target"
          },
          {
            "squad_members": "bdt_t1_bomb_zone_03_bomb_target"
          },
          {
            "squad_members": "bdt_t1_bomb_zone_04_bomb_target"
          },
          {
            "squad_members": "bdt_t1_bomb_zone_05_bomb_target"
          },
          {
            "squad_members": "bdt_t2_bomb_zone_06_bomb_target"
          },
          {
            "squad_members": "bdt_t1_bomb_zone_07_bomb_target"
          },
          {
            "squad_members": "bdt_t1_bomb_zone_08_bomb_target"
          },
          {
            "squad_members": "bdt_t1_bomb_zone_09_bomb_target"
          },
          {
            "squad_members": "bdt_t1_bomb_zone_10_bomb_target"
          }
        ]
      }
    },
    {
      "squad": {
        "name": "bdt_t2_targets_squad",
        "tm": [
          [-0.887011,0.0,-0.461749],
          [0.0,1.0,0.0],
          [0.461749,0.0,-0.887011],
          [7448.76,13.8,-8280.22]
        ],
        "props": [
          {
            "squad_members": "bdt_t2_bomb_zone_01_bomb_target"
          },
          {
            "squad_members": "bdt_t2_bomb_zone_02_bomb_target"
          },
          {
            "squad_members": "bdt_t2_bomb_zone_03_bomb_target"
          },
          {
            "squad_members": "bdt_t2_bomb_zone_04_bomb_target"
          },
          {
            "squad_members": "bdt_t2_bomb_zone_05_bomb_target"
          },
          {
            "squad_members": "bdt_t2_bomb_zone_06_bomb_target"
          },
          {
            "squad_members": "bdt_t2_bomb_zone_07_bomb_target"
          },
          {
            "squad_members": "bdt_t2_bomb_zone_08_bomb_target"
          },
          {
            "squad_members": "bdt_t2_bomb_zone_09_bomb_target"
          },
          {
            "squad_members": "bdt_t2_bomb_zone_10_bomb_target"
          }
        ]
      }
    },
    {
      "objectGroups": {
        "name": "bdt_t2_bomb_target_09",
        "tm": [
          [-0.642788,0.0,-0.766045],
          [0.0,1.0,0.0],
          [0.766045,0.0,-0.642788],
          [7188.5,164.23,19073.2]
        ],
        "unit_class": "cargo_zone_square",
        "objLayer": 2,
        "props": {
          "army": 2,
          "active": true
        }
      }
    },
    {
      "objectGroups": {
        "name": "bdt_t2_bomb_target_10",
        "tm": [
          [-0.422619,0.0,-0.906309],
          [0.0,1.0,0.0],
          [0.906309,0.0,-0.422619],
          [8311.07,171.17,26860.8]
        ],
        "unit_class": "cargo_zone_square",
        "objLayer": 2,
        "props": {
          "army": 2,
          "active": true
        }
      }
    },
    {
      "objectGroups": {
        "name": "bdt_t1_bomb_target_09",
        "tm": [
          [-0.843392,0.0,-0.537299],
          [0.0,1.0,0.0],
          [0.537299,0.0,-0.843392],
          [-20775.3,152.18,-6945.49]
        ],
        "unit_class": "cargo_zone_square",
        "objLayer": 2,
        "props": {
          "army": 1,
          "active": true
        }
      }
    },
    {
      "objectGroups": {
        "name": "bdt_t1_bomb_target_10",
        "tm": [
          [-0.733199,0.0,-0.680015],
          [0.0,1.0,0.0],
          [0.680015,0.0,-0.733199],
          [-8492.7,137.276,8748.86]
        ],
        "unit_class": "cargo_zone_square",
        "objLayer": 2,
        "props": {
          "army": 1,
          "active": true
        }
      }
    },
    {
      "structures": {
        "name": "bdt_t2_bomb_zone_09_bomb_target",
        "tm": [
          [-0.642788,0.0,-0.766045],
          [0.0,1.0,0.0],
          [0.766045,0.0,-0.642788],
          [7188.5,164.23,19073.2]
        ],
        "unit_class": "dummy",
        "objLayer": 2,
        "closed_waypoints": false,
        "isShipSpline": false,
        "shipTurnRadius": 100.0,
        "weapons": "",
        "bullets0": "",
        "bullets1": "",
        "bullets2": "",
        "bullets3": "",
        "bulletsCount0": 0,
        "bulletsCount1": 0,
        "bulletsCount2": 0,
        "bulletsCount3": 0,
        "props": {
          "army": 2,
          "count": 1,
          "formation_type": "rows",
          "formation_div": 3,
          "formation_step": [2.5,2.0],
          "formation_noise": [0.1,0.1],
          "uniqueName": "",
          "attack_type": "fire_at_will",
          "isDelayed": true,
          "stealthRadius": 0.0,
          "targetableByAi": false
        },
        "way": []
      }
    },
    {
      "structures": {
        "name": "bdt_t2_bomb_zone_10_bomb_target",
        "tm": [
          [-0.422619,0.0,-0.906309],
          [0.0,1.0,0.0],
          [0.906309,0.0,-0.422619],
          [8311.07,171.17,26860.8]
        ],
        "unit_class": "dummy",
        "objLayer": 2,
        "closed_waypoints": false,
        "isShipSpline": false,
        "shipTurnRadius": 100.0,
        "weapons": "",
        "bullets0": "",
        "bullets1": "",
        "bullets2": "",
        "bullets3": "",
        "bulletsCount0": 0,
        "bulletsCount1": 0,
        "bulletsCount2": 0,
        "bulletsCount3": 0,
        "props": {
          "army": 2,
          "count": 1,
          "formation_type": "rows",
          "formation_div": 3,
          "formation_step": [2.5,2.0],
          "formation_noise": [0.1,0.1],
          "uniqueName": "",
          "attack_type": "fire_at_will",
          "isDelayed": true,
          "stealthRadius": 0.0,
          "targetableByAi": false
        },
        "way": []
      }
    },
    {
      "structures": {
        "name": "bdt_t1_bomb_zone_09_bomb_target",
        "tm": [
          [-0.843392,0.0,-0.537299],
          [0.0,1.0,0.0],
          [0.537299,0.0,-0.843392],
          [-20775.3,152.18,-6945.49]
        ],
        "unit_class": "dummy",
        "objLayer": 2,
        "closed_waypoints": false,
        "isShipSpline": false,
        "shipTurnRadius": 100.0,
        "weapons": "",
        "bullets0": "",
        "bullets1": "",
        "bullets2": "",
        "bullets3": "",
        "bulletsCount0": 0,
        "bulletsCount1": 0,
        "bulletsCount2": 0,
        "bulletsCount3": 0,
        "props": {
          "army": 1,
          "count": 1,
          "formation_type": "rows",
          "formation_div": 3,
          "formation_step": [2.5,2.0],
          "formation_noise": [0.1,0.1],
          "uniqueName": "",
          "attack_type": "fire_at_will",
          "isDelayed": true,
          "stealthRadius": 0.0,
          "targetableByAi": false
        },
        "way": []
      }
    },
    {
      "structures": {
        "name": "bdt_t1_bomb_zone_10_bomb_target",
        "tm": [
          [-0.5,0.0,-0.866026],
          [0.0,1.0,0.0],
          [0.866026,0.0,-0.5],
          [-8492.7,137.276,8748.86]
        ],
        "unit_class": "dummy",
        "objLayer": 2,
        "closed_waypoints": false,
        "isShipSpline": false,
        "shipTurnRadius": 100.0,
        "weapons": "",
        "bullets0": "",
        "bullets1": "",
        "bullets2": "",
        "bullets3": "",
        "bulletsCount0": 0,
        "bulletsCount1": 0,
        "bulletsCount2": 0,
        "bulletsCount3": 0,
        "props": {
          "army": 1,
          "count": 1,
          "formation_type": "rows",
          "formation_div": 3,
          "formation_step": [2.5,2.0],
          "formation_noise": [0.1,0.1],
          "uniqueName": "",
          "attack_type": "fire_at_will",
          "isDelayed": true,
          "stealthRadius": 0.0,
          "targetableByAi": false
        },
        "way": []
      }
    },
    {
      "air_defence": {
        "name": "bdt_t1_bomb_target_01_aaa",
        "tm": [
          [-0.887011,0.0,-0.461749],
          [0.0,1.0,0.0],
          [0.461749,0.0,-0.887011],
          [-15558.2,-12.0,13385.9]
        ],
        "unit_class": "us_90mm_m1",
        "objLayer": 1,
        "closed_waypoints": false,
        "isShipSpline": false,
        "shipTurnRadius": 100.0,
        "weapons": "",
        "bullets0": "",
        "bullets1": "",
        "bullets2": "",
        "bullets3": "",
        "bulletsCount0": 0,
        "bulletsCount1": 0,
        "bulletsCount2": 0,
        "bulletsCount3": 0,
        "props": {
          "army": 1,
          "count": 4,
          "formation_type": "rows",
          "formation_div": 3,
          "formation_step": [2.5,2.0],
          "formation_noise": [0.1,0.1],
          "uniqueName": "",
          "attack_type": "fire_at_will",
          "isDelayed": true,
          "stealthRadius": 0.0,
          "setStealth": true
        },
        "way": []
      }
    },
    {
      "air_defence": {
        "name": "bdt_t1_bomb_target_02_aaa",
        "tm": [
          [-0.887011,0.0,-0.461749],
          [0.0,1.0,0.0],
          [0.461749,0.0,-0.887011],
          [-15997.5,-12.0,13989.8]
        ],
        "unit_class": "us_90mm_m1",
        "objLayer": 1,
        "closed_waypoints": false,
        "isShipSpline": false,
        "shipTurnRadius": 100.0,
        "weapons": "",
        "bullets0": "",
        "bullets1": "",
        "bullets2": "",
        "bullets3": "",
        "bulletsCount0": 0,
        "bulletsCount1": 0,
        "bulletsCount2": 0,
        "bulletsCount3": 0,
        "props": {
          "army": 1,
          "count": 4,
          "formation_type": "rows",
          "formation_div": 3,
          "formation_step": [2.5,2.0],
          "formation_noise": [0.1,0.1],
          "uniqueName": "",
          "attack_type": "fire_at_will",
          "isDelayed": true,
          "stealthRadius": 0.0,
          "setStealth": true
        },
        "way": []
      }
    },
    {
      "air_defence": {
        "name": "bdt_t1_bomb_target_03_aaa",
        "tm": [
          [-0.887011,0.0,-0.461749],
          [0.0,1.0,0.0],
          [0.461749,0.0,-0.887011],
          [-16238.8,-12.0,14480.7]
        ],
        "unit_class": "us_90mm_m1",
        "objLayer": 1,
        "closed_waypoints": false,
        "isShipSpline": false,
        "shipTurnRadius": 100.0,
        "weapons": "",
        "bullets0": "",
        "bullets1": "",
        "bullets2": "",
        "bullets3": "",
        "bulletsCount0": 0,
        "bulletsCount1": 0,
        "bulletsCount2": 0,
        "bulletsCount3": 0,
        "props": {
          "army": 1,
          "count": 4,
          "formation_type": "rows",
          "formation_div": 3,
          "formation_step": [2.5,2.0],
          "formation_noise": [0.1,0.1],
          "uniqueName": "",
          "attack_type": "fire_at_will",
          "isDelayed": true,
          "stealthRadius": 0.0,
          "setStealth": true
        },
        "way": []
      }
    },
    {
      "air_defence": {
        "name": "bdt_t2_bomb_target_01_aaa",
        "tm": [
          [-0.887011,0.0,-0.461749],
          [0.0,1.0,0.0],
          [0.461749,0.0,-0.887011],
          [-14135.2,-12.0,14105.6]
        ],
        "unit_class": "germ_88mm_flak36",
        "objLayer": 1,
        "closed_waypoints": false,
        "isShipSpline": false,
        "shipTurnRadius": 100.0,
        "weapons": "",
        "bullets0": "",
        "bullets1": "",
        "bullets2": "",
        "bullets3": "",
        "bulletsCount0": 0,
        "bulletsCount1": 0,
        "bulletsCount2": 0,
        "bulletsCount3": 0,
        "props": {
          "army": 2,
          "count": 4,
          "formation_type": "rows",
          "formation_div": 3,
          "formation_step": [2.5,2.0],
          "formation_noise": [0.1,0.1],
          "uniqueName": "",
          "attack_type": "fire_at_will",
          "isDelayed": true,
          "stealthRadius": 0.0,
          "setStealth": true
        },
        "way": []
      }
    },
    {
      "air_defence": {
        "name": "bdt_t2_bomb_target_02_aaa",
        "tm": [
          [-0.887011,0.0,-0.461749],
          [0.0,1.0,0.0],
          [0.461749,0.0,-0.887011],
          [-14462.0,-12.0,14572.6]
        ],
        "unit_class": "germ_88mm_flak36",
        "objLayer": 1,
        "closed_waypoints": false,
        "isShipSpline": false,
        "shipTurnRadius": 100.0,
        "weapons": "",
        "bullets0": "",
        "bullets1": "",
        "bullets2": "",
        "bullets3": "",
        "bulletsCount0": 0,
        "bulletsCount1": 0,
        "bulletsCount2": 0,
        "bulletsCount3": 0,
        "props": {
          "army": 2,
          "count": 4,
          "formation_type": "rows",
          "formation_div": 3,
          "formation_step": [2.5,2.0],
          "formation_noise": [0.1,0.1],
          "uniqueName": "",
          "attack_type": "fire_at_will",
          "isDelayed": true,
          "stealthRadius": 0.0,
          "setStealth": true
        },
        "way": []
      }
    },
    {
      "air_defence": {
        "name": "bdt_t2_bomb_target_03_aaa",
        "tm": [
          [-0.887011,0.0,-0.461749],
          [0.0,1.0,0.0],
          [0.461749,0.0,-0.887011],
          [-14635.6,-12.0,15401.2]
        ],
        "unit_class": "germ_88mm_flak36",
        "objLayer": 1,
        "closed_waypoints": false,
        "isShipSpline": false,
        "shipTurnRadius": 100.0,
        "weapons": "",
        "bullets0": "",
        "bullets1": "",
        "bullets2": "",
        "bullets3": "",
        "bulletsCount0": 0,
        "bulletsCount1": 0,
        "bulletsCount2": 0,
        "bulletsCount3": 0,
        "props": {
          "army": 2,
          "count": 4,
          "formation_type": "rows",
