{
  "selected_tag": "",
  "bin_dump_file": "",
  "mission_settings": {
    "atmosphere": {
      "pressure": 760.0,
      "temperature": 15.0
    },
    "player": {
      "army": 1,
      "wing": "bt_armada"
    },
    "player_teamB": {
      "army": 2
    },
    "mission": {
      "name": "untitled",
      "level": "levels/water.bin",
      "type": "singleMission",
      "restoreType": "attempts",
      "optionalTakeOff": false,
      "campaign": "UserMissions",
      "environment": "Day",
      "weather": "hazy",
      "missionDebriefing": "",
      "missionBriefing": "",
      "tags": [],
      "missionType": {
        "_Dom": false,
        "_Conq": false,
        "_Bttl": false,
        "_Bto": false,
        "_Flc": false,
        "_v1_race_straight": false,
        "_v1_race_inverted": false,
        "_v2_race_straight": false,
        "_v2_race_inverted": false,
        "_Conq1": false,
        "_Conq2": false,
        "_Conq3": false,
        "_Conq4": false,
        "_Conq5": false,
        "_Conq6": false,
        "_DBttlA": false,
        "_DBttlB": false
      }
    },
    "spectator_points": [],
    "cover_points": [],
    "aiParams": {
      "aiEffectivenessViscosity": 90.0,
      "effectivenessDistances": [2500.0,7000.0]
    }
  },
  "imports": [
    {
      "import_record": {
        "file": "gameData/missions/templates/air_templates/jip/air_bt_bombers_template.blk",
        "importAreas": true,
        "importUnits": true,
        "importTriggers": true,
        "importMissionObjectives": true,
        "importWayPoints": true,
        "showAreas": true,
        "showUnits": true,
        "showTriggers": true,
        "showMissionObjectives": true,
        "showWayPoints": true,
        "excludes": []
      }
    },
    {
      "import_record": {
        "file": "gameData/missions/templates/air_templates/jip/bombers_planesets/bt_t1_uk.blk",
        "importAreas": true,
        "importUnits": true,
        "importTriggers": true,
        "importMissionObjectives": true,
        "importWayPoints": true,
        "showAreas": true,
        "showUnits": true,
        "showTriggers": true,
        "showMissionObjectives": true,
        "showWayPoints": true,
        "excludes": []
      }
    },
    {
      "import_record": {
        "file": "gameData/missions/templates/air_templates/jip/bombers_planesets/bt_t2_germ.blk",
        "importAreas": true,
        "importUnits": true,
        "importTriggers": true,
        "importMissionObjectives": true,
        "importWayPoints": true,
        "showAreas": true,
        "showUnits": true,
        "showTriggers": true,
        "showMissionObjectives": true,
        "showWayPoints": true,
        "excludes": []
      }
    }
  ],
  "triggers": {
    "isCategory": true,
    "is_enabled": true
  },
  "mission_objectives": {
    "isCategory": true,
    "is_enabled": true
  },
  "variables": [],
  "dialogs": [],
  "airfields": [],
  "effects": [],
  "units": [
    {
      "squad": {
        "name": "bt_t1_bombers_squad",
        "tm": [
          [0.843391,0.0,-0.5373],
          [0.0,1.0,0.0],
          [0.5373,0.0,0.843391],
          [44959.6,126.6,-50522.7]
        ],
        "props": [
          {
            "squad_members": "bt_t1_bomber_rank_01"
          },
          {
            "squad_members": "bt_t1_bomber_rank_02"
          },
          {
            "squad_members": "bt_t1_bomber_rank_03"
          },
          {
            "squad_members": "bt_t1_bomber_rank_04"
          },
          {
            "squad_members": "bt_t1_bomber_rank_05"
          }
        ]
      }
    },
    {
      "squad": {
        "name": "bt_t1_fighters_squad",
        "tm": [
          [0.843391,0.0,-0.5373],
          [0.0,1.0,0.0],
          [0.5373,0.0,0.843391],
          [42798.5,127.05,-49574.5]
        ],
        "props": [
          {
            "squad_members": "bt_t1_fighter_rank_01"
          },
          {
            "squad_members": "bt_t1_fighter_rank_02"
          },
          {
            "squad_members": "bt_t1_fighter_rank_03"
          },
          {
            "squad_members": "bt_t1_fighter_rank_04"
          },
          {
            "squad_members": "bt_t1_fighter_rank_05"
          }
        ]
      }
    },
    {
      "armada": {
        "name": "bt_armada",
        "tm": [
          [0.843391,0.0,-0.5373],
          [0.0,1.0,0.0],
          [0.5373,0.0,0.843391],
          [-8582.95,415.0,-301.205]
        ],
        "unit_class": "bf-109f-4",
        "objLayer": 1,
        "closed_waypoints": false,
        "weapons": "",
        "bullets0": "",
        "bullets1": "",
        "bullets2": "",
        "bullets3": "",
        "bulletsCount0": 0,
        "bulletsCount1": 0,
        "bulletsCount2": 0,
        "bulletsCount3": 0,
        "props": {
          "army": 2,
          "count": 1,
          "free_distance": 70.0,
          "floating_distance": 50.0,
          "minimum_distance_to_earth": 20.0,
          "altLimit": 6000.0,
          "attack_type": "fire_at_will",
          "skill": 4,
          "plane": {
            "wing_formation": "Diamond",
            "row_distances": 3.0,
            "col_distances": 3.0,
            "super_formation": "Diamond",
            "super_row_distances": 1.5,
            "super_col_distances": 1.5,
            "ai_skill": "NORMAL",
            "task": "FLY_WAYPOINT"
          }
        },
        "way": []
      }
    },
    {
      "squad": {
        "name": "bt_t2_bombers_squad",
        "tm": [
          [0.843391,0.0,-0.5373],
          [0.0,1.0,0.0],
          [0.5373,0.0,0.843391],
          [-43648.3,126.6,51268.7]
        ],
        "props": [
          {
            "squad_members": "bt_t2_bomber_rank_01"
          },
          {
            "squad_members": "bt_t2_bomber_rank_02"
          },
          {
            "squad_members": "bt_t2_bomber_rank_03"
          },
          {
            "squad_members": "bt_t2_bomber_rank_04"
          },
          {
            "squad_members": "bt_t2_bomber_rank_05"
          }
        ]
      }
    },
    {
      "squad": {
        "name": "bt_t2_fighters_squad",
        "tm": [
          [0.843391,0.0,-0.5373],
          [0.0,1.0,0.0],
          [0.5373,0.0,0.843391],
          [-43405.9,127.05,45575.3]
        ],
        "props": [
          {
            "squad_members": "bt_t2_fighter_rank_02"
          },
          {
            "squad_members": "bt_t2_fighter_rank_03"
          },
          {
            "squad_members": "bt_t2_fighter_rank_04"
          },
          {
            "squad_members": "bt_t2_fighter_rank_05"
          },
          {
            "squad_members": "bt_t2_fighter_rank_01"
          }
        ]
      }
    }
  ],
  "areas": {
    "bt_t1_bombers_spawn_01": {
      "type": "Point",
      "tm": [
        [0.843391,0.0,-0.5373],
        [0.0,1.0,0.0],
        [0.5373,0.0,0.843391],
        [-60163.5,2500.0,27743.1]
      ],
      "objLayer": 0,
      "props": []
    },
    "bt_t1_fighters_spawn_01": {
      "type": "Point",
      "tm": [
        [0.737277,0.0,-0.67559],
        [0.0,1.0,0.0],
        [0.67559,0.0,0.737277],
        [-60163.5,3000.0,27743.1]
      ],
      "objLayer": 0,
      "props": []
    },
    "bt_t1_retreat_point": {
      "type": "Point",
      "tm": [
        [0.819152,0.0,-0.573577],
        [0.0,1.0,0.0],
        [0.573577,0.0,0.819152],
        [-59094.8,1500.0,52424.7]
      ],
      "objLayer": 0,
      "props": []
    },
    "bt_t2_retreat_point": {
      "type": "Point",
      "tm": [
        [-0.866025,0.0,0.5],
        [0.0,1.0,0.0],
        [-0.5,0.0,-0.866025],
        [60337.4,1500.0,-58982.7]
      ],
      "objLayer": 0,
      "props": []
    },
    "bt_t2_fighters_spawn_01": {
      "type": "Point",
      "tm": [
        [-0.819152,0.0,0.573576],
        [0.0,1.0,0.0],
        [-0.573576,0.0,-0.819152],
        [42999.7,3000.0,-62868.7]
      ],
      "objLayer": 0,
      "props": []
    },
    "bt_t2_bombers_spawn_01": {
      "type": "Point",
      "tm": [
        [-0.843391,0.0,0.5373],
        [0.0,1.0,0.0],
        [-0.5373,0.0,-0.843391],
        [42999.6,2500.0,-62868.7]
      ],
      "objLayer": 0,
      "props": []
    },
    "bt_t1_bombers_spawn_02": {
      "type": "Point",
      "tm": [
        [0.843391,0.0,-0.5373],
        [0.0,1.0,0.0],
        [0.5373,0.0,0.843391],
        [-54790.5,2500.0,36177.1]
      ],
      "objLayer": 0,
      "props": []
    },
    "bt_t1_fighters_spawn_02": {
      "type": "Point",
      "tm": [
        [0.737277,0.0,-0.67559],
        [0.0,1.0,0.0],
        [0.67559,0.0,0.737277],
        [-54790.5,3000.0,36177.1]
      ],
      "objLayer": 0,
      "props": []
    },
    "bt_t1_bombers_spawn_03": {
      "type": "Point",
      "tm": [
        [0.843391,0.0,-0.5373],
        [0.0,1.0,0.0],
        [0.5373,0.0,0.843391],
        [-44044.5,2500.0,53044.9]
      ],
      "objLayer": 0,
      "props": []
    },
    "bt_t1_fighters_spawn_03": {
      "type": "Point",
      "tm": [
        [0.737277,0.0,-0.67559],
        [0.0,1.0,0.0],
        [0.67559,0.0,0.737277],
        [-44044.5,3000.0,53044.9]
      ],
      "objLayer": 0,
      "props": []
    },
    "bt_t1_bombers_spawn_04": {
      "type": "Point",
      "tm": [
        [0.843391,0.0,-0.5373],
        [0.0,1.0,0.0],
        [0.5373,0.0,0.843391],
        [-38671.5,2500.0,61478.8]
      ],
      "objLayer": 0,
      "props": []
    },
    "bt_t1_fighters_spawn_04": {
      "type": "Point",
      "tm": [
        [0.737277,0.0,-0.67559],
        [0.0,1.0,0.0],
        [0.67559,0.0,0.737277],
        [-38671.5,3000.0,61478.8]
      ],
      "objLayer": 0,
      "props": []
    },
    "bt_t2_bombers_spawn_02": {
      "type": "Point",
      "tm": [
        [-0.843391,0.0,0.5373],
        [0.0,1.0,0.0],
        [-0.5373,0.0,-0.843391],
        [48372.6,2500.0,-54434.8]
      ],
      "objLayer": 0,
      "props": []
    },
    "bt_t2_fighters_spawn_02": {
      "type": "Point",
      "tm": [
        [-0.819152,0.0,0.573576],
        [0.0,1.0,0.0],
        [-0.573576,0.0,-0.819152],
        [48372.6,3000.0,-54434.8]
      ],
      "objLayer": 0,
      "props": []
    },
    "bt_t2_bombers_spawn_03": {
      "type": "Point",
      "tm": [
        [-0.843391,0.0,0.5373],
        [0.0,1.0,0.0],
        [-0.5373,0.0,-0.843391],
        [55892.7,2500.0,-43173.3]
      ],
      "objLayer": 0,
      "props": []
    },
    "bt_t2_fighters_spawn_03": {
      "type": "Point",
      "tm": [
        [-0.819152,0.0,0.573576],
        [0.0,1.0,0.0],
        [-0.573576,0.0,-0.819152],
        [55892.7,3000.0,-43173.3]
      ],
      "objLayer": 0,
      "props": []
    },
    "bt_t2_bombers_spawn_04": {
      "type": "Point",
      "tm": [
        [-0.843391,0.0,0.5373],
        [0.0,1.0,0.0],
        [-0.5373,0.0,-0.843391],
        [61265.7,2500.0,-34739.3]
      ],
      "objLayer": 0,
      "props": []
    },
    "bt_t2_fighters_spawn_04": {
      "type": "Point",
      "tm": [
        [-0.819152,0.0,0.573576],
        [0.0,1.0,0.0],
        [-0.573576,0.0,-0.819152],
        [61265.7,3000.0,-34739.3]
      ],
      "objLayer": 0,
      "props": []
    }
  },
  "objLayers": [
    {
      "layer": {
        "enabled": true
      }
    },
    {
      "layer": {
        "enabled": true
      }
    }
  ],
  "wayPoints": []
}