{
  "selected_tag": "",
  "bin_dump_file": "",
  "mission_settings": {
    "atmosphere": {
      "pressure": 760.0,
      "temperature": 15.0
    },
    "player": {
      "army": 1,
      "wing": "ft_armada"
    },
    "player_teamB": {
      "army": 2
    },
    "mission": {
      "name": "untitled",
      "level": "levels/water.bin",
      "type": "singleMission",
      "restoreType": "attempts",
      "optionalTakeOff": false,
      "campaign": "UserMissions",
      "environment": "Day",
      "weather": "clear",
      "missionDebriefing": "",
      "missionBriefing": "",
      "tags": [],
      "missionType": {
        "_Dom": false,
        "_Conq": false,
        "_Bttl": false,
        "_Bto": false,
        "_Flc": false,
        "_v1_race_straight": false,
        "_v1_race_inverted": false,
        "_v2_race_straight": false,
        "_v2_race_inverted": false,
        "_Conq1": false,
        "_Conq2": false,
        "_Conq3": false,
        "_Conq4": false,
        "_Conq5": false,
        "_Conq6": false,
        "_DBttlA": false,
        "_DBttlB": false,
        "_CnvA": false,
        "_CnvB": false,
        "_ArtDA": false,
        "_ArtDB": false
      }
    },
    "spectator_points": [],
    "cover_points": [],
    "aiParams": {
      "aiEffectivenessViscosity": 90.0,
      "effectivenessDistances": [2500.0,7000.0]
    }
  },
  "imports": {
    "import_record": {
      "file": "gameData/missions/templates/air_templates/jip/air_ft_fields_template.blk",
      "importAreas": true,
      "importUnits": true,
      "importTriggers": true,
      "importMissionObjectives": true,
      "importWayPoints": true,
      "showAreas": true,
      "showUnits": true,
      "showTriggers": true,
      "showMissionObjectives": true,
      "showWayPoints": true,
      "excludes": []
    }
  },
  "triggers": {
    "isCategory": true,
    "is_enabled": true
  },
  "mission_objectives": {
    "isCategory": true,
    "is_enabled": true
  },
  "variables": [],
  "dialogs": [],
  "airfields": [],
  "effects": [],
  "units": [
    {
      "objectGroups": {
        "name": "ft_t1_airfield_01_01",
        "tm": [
          [0.0871552,0.0,0.996194],
          [0.0,1.0,0.0],
          [-0.996194,0.0,0.0871552],
          [-28766.5,5.17506,28793.0]
        ],
        "unit_class": "dynAF_kh_gol_airfield_gumrak",
        "objLayer": 2,
        "props": {
          "army": 1,
          "active": false
        }
      }
    },
    {
      "objectGroups": {
        "name": "ft_t1_airfield_01_02",
        "tm": [
          [-0.843392,0.0,0.537299],
          [0.0,1.0,0.0],
          [-0.537299,0.0,-0.843392],
          [-39058.7,81.2194,27203.2]
        ],
        "unit_class": "dynAF_kh_gol_airfield_gumrak",
        "objLayer": 2,
        "props": {
          "army": 1,
          "active": false
        }
      }
    },
    {
      "objectGroups": {
        "name": "ft_t1_airfield_01_03",
        "tm": [
          [0.899739,0.0,-0.436426],
          [0.0,1.0,0.0],
          [0.436426,0.0,0.899739],
          [-56524.5,132.586,19944.4]
        ],
        "unit_class": "dynAF_kh_gol_airfield_gumrak",
        "objLayer": 2,
        "props": {
          "army": 1,
          "active": false
        }
      }
    },
    {
      "objectGroups": {
        "name": "ft_t1_airfield_02_01",
        "tm": [
          [-0.0871558,0.0,0.996194],
          [0.0,1.0,0.0],
          [-0.996194,0.0,-0.0871558],
          [-30391.4,84.6101,17359.8]
        ],
        "unit_class": "dynAF_stalingrad_dirt1_ally",
        "objLayer": 2,
        "props": {
          "army": 1,
          "active": false
        }
      }
    },
    {
      "objectGroups": {
        "name": "ft_t1_airfield_02_02",
        "tm": [
          [-0.737277,0.0,0.67559],
          [0.0,1.0,0.0],
          [-0.67559,0.0,-0.737277],
          [-54531.2,121.561,7267.98]
        ],
        "unit_class": "dynAF_stalingrad_dirt1_ally",
        "objLayer": 2,
        "props": {
          "army": 1,
          "active": false
        }
      }
    },
    {
      "objectGroups": {
        "name": "ft_t1_airfield_03_01",
        "tm": [
          [-0.737278,0.0,0.675591],
          [0.0,1.0,0.0],
          [-0.675591,0.0,-0.737278],
          [-21217.1,150.464,6719.53]
        ],
        "unit_class": "dynAF_stalingrad_dirt1_ally",
        "objLayer": 2,
        "props": {
          "army": 1,
          "active": false
        }
      }
    },
    {
      "objectGroups": {
        "name": "ft_t1_airfield_03_02",
        "tm": [
          [-0.258819,0.0,0.965927],
          [0.0,1.0,0.0],
          [-0.965927,0.0,-0.258819],
          [-35561.0,254.747,2706.15]
        ],
        "unit_class": "dynAF_stalingrad_dirt1_ally",
        "objLayer": 2,
        "props": {
          "army": 1,
          "active": false
        }
      }
    },
    {
      "objectGroups": {
        "name": "ft_t2_airfield_01_01",
        "tm": [
          [0.480816,0.0,-0.87682],
          [0.0,1.0,0.0],
          [0.87682,0.0,0.480816],
          [16792.0,230.505,-52818.2]
        ],
        "unit_class": "dynAF_kh_gol_airfield_gumrak",
        "objLayer": 2,
        "props": {
          "army": 2,
          "active": false
        }
      }
    },
    {
      "objectGroups": {
        "name": "ft_t2_airfield_01_02",
        "tm": [
          [-0.675591,0.0,-0.737278],
          [0.0,1.0,0.0],
          [0.737278,0.0,-0.675591],
          [38104.3,188.087,-55653.9]
        ],
        "unit_class": "dynAF_kh_gol_airfield_gumrak",
        "objLayer": 2,
        "props": {
          "army": 2,
          "active": false
        }
      }
    },
    {
      "objectGroups": {
        "name": "ft_t2_airfield_01_03",
        "tm": [
          [-0.831488,0.0,-0.555543],
          [0.0,1.0,0.0],
          [0.555543,0.0,-0.831488],
          [49966.4,76.3859,-49112.1]
        ],
        "unit_class": "dynAF_kh_gol_airfield_gumrak",
        "objLayer": 2,
        "props": {
          "army": 2,
          "active": false
        }
      }
    },
    {
      "objectGroups": {
        "name": "ft_t2_airfield_02_01",
        "tm": [
          [0.737277,0.0,-0.675591],
          [0.0,1.0,0.0],
          [0.675591,0.0,0.737277],
          [3901.97,133.137,-42028.5]
        ],
        "unit_class": "dynAF_stalingrad_dirt1_ally",
        "objLayer": 2,
        "props": {
          "army": 2,
          "active": false
        }
      }
    },
    {
      "objectGroups": {
        "name": "ft_t2_airfield_02_02",
        "tm": [
          [0.300706,0.0,-0.953717],
          [0.0,1.0,0.0],
          [0.953717,0.0,0.300706],
          [42169.1,8.95601,-29032.3]
        ],
        "unit_class": "dynAF_stalingrad_dirt1_ally",
        "objLayer": 2,
        "props": {
          "army": 2,
          "active": false
        }
      }
    },
    {
      "objectGroups": {
        "name": "ft_t2_airfield_03_01",
        "tm": [
          [-0.21644,0.0,-0.976297],
          [0.0,1.0,0.0],
          [0.976297,0.0,-0.21644],
          [4250.25,18.3181,-32263.7]
        ],
        "unit_class": "dynAF_stalingrad_dirt1_ally",
        "objLayer": 2,
        "props": {
          "army": 2,
          "active": false
        }
      }
    },
    {
      "objectGroups": {
        "name": "ft_t2_airfield_03_02",
        "tm": [
          [-0.67559,0.0,-0.737277],
          [0.0,1.0,0.0],
          [0.737277,0.0,-0.67559],
          [26204.3,7.97154,-20122.6]
        ],
        "unit_class": "dynAF_stalingrad_dirt1_ally",
        "objLayer": 2,
        "props": {
          "army": 2,
          "active": false
        }
      }
    },
    {
      "squad": {
        "name": "ft_t1_airfields_squad",
        "tm": [
          [-0.130526,0.0,0.991445],
          [0.0,1.0,0.0],
          [-0.991445,0.0,-0.130526],
          [-19065.7,3.85,-6249.47]
        ],
        "props": [
          {
            "squad_members": "ft_t1_airfield_01_01"
          },
          {
            "squad_members": "ft_t1_airfield_01_02"
          },
          {
            "squad_members": "ft_t1_airfield_01_03"
          },
          {
            "squad_members": "ft_t1_airfield_02_01"
          },
          {
            "squad_members": "ft_t1_airfield_02_02"
          },
          {
            "squad_members": "ft_t1_airfield_02_03"
          },
          {
            "squad_members": "ft_t1_airfield_03_01"
          },
          {
            "squad_members": "ft_t1_airfield_03_02"
          },
          {
            "squad_members": "ft_t1_airfield_03_03"
          }
        ]
      }
    },
    {
      "squad": {
        "name": "ft_t2_airfields_squad",
        "tm": [
          [-0.130526,0.0,0.991445],
          [0.0,1.0,0.0],
          [-0.991445,0.0,-0.130526],
          [23989.3,7.98259,-18422.0]
        ],
        "props": [
          {
            "squad_members": "ft_t2_airfield_01_01"
          },
          {
            "squad_members": "ft_t2_airfield_01_02"
          },
          {
            "squad_members": "ft_t2_airfield_01_03"
          },
          {
            "squad_members": "ft_t2_airfield_02_01"
          },
          {
            "squad_members": "ft_t2_airfield_02_02"
          },
          {
            "squad_members": "ft_t2_airfield_02_03"
          },
          {
            "squad_members": "ft_t2_airfield_03_01"
          },
          {
            "squad_members": "ft_t2_airfield_03_02"
          },
          {
            "squad_members": "ft_t2_airfield_03_03"
          }
        ]
      }
    },
    {
      "armada": {
        "name": "ft_armada",
        "tm": [
          [-0.130526,0.0,0.991445],
          [0.0,1.0,0.0],
          [-0.991445,0.0,-0.130526],
          [5598.04,2396.3,-3182.89]
        ],
        "unit_class": "b-17g",
        "objLayer": 1,
        "closed_waypoints": false,
        "weapons": "B17G_4x2000lbs",
        "bullets0": "",
        "bullets1": "",
        "bullets2": "",
        "bullets3": "",
        "bulletsCount0": 0,
        "bulletsCount1": 0,
        "bulletsCount2": 0,
        "bulletsCount3": 0,
        "props": {
          "army": 2,
          "count": 1,
          "free_distance": 70.0,
          "floating_distance": 50.0,
          "minimum_distance_to_earth": 20.0,
          "altLimit": 6000.0,
          "attack_type": "fire_at_will",
          "skill": 4,
          "plane": {
            "wing_formation": "Diamond",
            "row_distances": 3.0,
            "col_distances": 3.0,
            "super_formation": "Diamond",
            "super_row_distances": 1.5,
            "super_col_distances": 1.5,
            "ai_skill": "NORMAL",
            "task": "FLY_WAYPOINT"
          }
        },
        "way": []
      }
    },
    {
      "structures": {
        "name": "ft_t1_airfield_03_01_bomb_target",
        "tm": [
          [-0.737278,0.0,0.675591],
          [0.0,1.0,0.0],
          [-0.675591,0.0,-0.737278],
          [-21217.1,150.464,6719.53]
        ],
        "unit_class": "dummy",
        "objLayer": 2,
        "closed_waypoints": false,
        "weapons": "",
        "bullets0": "",
        "bullets1": "",
        "bullets2": "",
        "bullets3": "",
        "bulletsCount0": 0,
        "bulletsCount1": 0,
        "bulletsCount2": 0,
        "bulletsCount3": 0,
        "props": {
          "army": 1,
          "count": 1,
          "formation_type": "rows",
          "formation_div": 3,
          "formation_step": [2.5,2.0],
          "formation_noise": [0.1,0.1],
          "uniqueName": "",
          "attack_type": "fire_at_will",
          "stealthRadius": 0.0,
          "setStealth": true,
          "targetableByAi": false
        },
        "way": []
      }
    },
    {
      "structures": {
        "name": "ft_t1_airfield_01_01_bomb_target",
        "tm": [
          [0.0871552,0.0,0.996194],
          [0.0,1.0,0.0],
          [-0.996194,0.0,0.0871552],
          [-28766.5,11.0,28793.0]
        ],
        "unit_class": "dummy",
        "objLayer": 2,
        "closed_waypoints": false,
        "weapons": "",
        "bullets0": "",
        "bullets1": "",
        "bullets2": "",
        "bullets3": "",
        "bulletsCount0": 0,
        "bulletsCount1": 0,
        "bulletsCount2": 0,
        "bulletsCount3": 0,
        "props": {
          "army": 1,
          "count": 1,
          "formation_type": "rows",
          "formation_div": 3,
          "formation_step": [2.5,2.0],
          "formation_noise": [0.1,0.1],
          "uniqueName": "",
          "attack_type": "fire_at_will",
          "stealthRadius": 0.0,
          "setStealth": true,
          "targetableByAi": false
        },
        "way": []
      }
    },
    {
      "structures": {
        "name": "ft_t1_airfield_02_01_bomb_target",
        "tm": [
          [-0.0871558,0.0,0.996194],
          [0.0,1.0,0.0],
          [-0.996194,0.0,-0.0871558],
          [-30391.4,84.6101,17359.8]
        ],
        "unit_class": "dummy",
        "objLayer": 2,
        "closed_waypoints": false,
        "weapons": "",
        "bullets0": "",
        "bullets1": "",
        "bullets2": "",
        "bullets3": "",
        "bulletsCount0": 0,
        "bulletsCount1": 0,
        "bulletsCount2": 0,
        "bulletsCount3": 0,
        "props": {
          "army": 1,
          "count": 1,
          "formation_type": "rows",
          "formation_div": 3,
          "formation_step": [2.5,2.0],
          "formation_noise": [0.1,0.1],
          "uniqueName": "",
          "attack_type": "fire_at_will",
          "stealthRadius": 0.0,
          "setStealth": true,
          "targetableByAi": false
        },
        "way": []
      }
    },
    {
      "structures": {
        "name": "ft_t1_airfield_03_02_bomb_target",
        "tm": [
          [-0.258819,0.0,0.965927],
          [0.0,1.0,0.0],
          [-0.965927,0.0,-0.258819],
          [-35561.0,254.747,2706.15]
        ],
        "unit_class": "dummy",
        "objLayer": 2,
        "closed_waypoints": false,
        "weapons": "",
        "bullets0": "",
        "bullets1": "",
        "bullets2": "",
        "bullets3": "",
        "bulletsCount0": 0,
        "bulletsCount1": 0,
        "bulletsCount2": 0,
        "bulletsCount3": 0,
        "props": {
          "army": 1,
          "count": 1,
          "formation_type": "rows",
          "formation_div": 3,
          "formation_step": [2.5,2.0],
          "formation_noise": [0.1,0.1],
          "uniqueName": "",
          "attack_type": "fire_at_will",
          "stealthRadius": 0.0,
          "setStealth": true,
          "targetableByAi": false
        },
        "way": []
      }
    },
    {
      "structures": {
        "name": "ft_t1_airfield_01_03_bomb_target",
        "tm": [
          [0.899739,0.0,-0.436426],
          [0.0,1.0,0.0],
          [0.436426,0.0,0.899739],
          [-56524.5,132.584,19944.4]
        ],
        "unit_class": "dummy",
        "objLayer": 2,
        "closed_waypoints": false,
        "weapons": "",
        "bullets0": "",
        "bullets1": "",
        "bullets2": "",
        "bullets3": "",
        "bulletsCount0": 0,
        "bulletsCount1": 0,
        "bulletsCount2": 0,
        "bulletsCount3": 0,
        "props": {
          "army": 1,
          "count": 1,
          "formation_type": "rows",
          "formation_div": 3,
          "formation_step": [2.5,2.0],
          "formation_noise": [0.1,0.1],
          "uniqueName": "",
          "attack_type": "fire_at_will",
          "stealthRadius": 0.0,
          "setStealth": true,
          "targetableByAi": false
        },
        "way": []
      }
    },
    {
      "structures": {
        "name": "ft_t1_airfield_02_02_bomb_target",
        "tm": [
          [-0.737277,0.0,0.67559],
          [0.0,1.0,0.0],
          [-0.67559,0.0,-0.737277],
          [-54531.2,121.561,7267.98]
        ],
        "unit_class": "dummy",
        "objLayer": 2,
        "closed_waypoints": false,
        "weapons": "",
        "bullets0": "",
        "bullets1": "",
        "bullets2": "",
        "bullets3": "",
        "bulletsCount0": 0,
        "bulletsCount1": 0,
        "bulletsCount2": 0,
        "bulletsCount3": 0,
        "props": {
          "army": 1,
          "count": 1,
          "formation_type": "rows",
          "formation_div": 3,
          "formation_step": [2.5,2.0],
          "formation_noise": [0.1,0.1],
          "uniqueName": "",
          "attack_type": "fire_at_will",
          "stealthRadius": 0.0,
          "setStealth": true,
          "targetableByAi": false
        },
        "way": []
      }
    },
    {
      "structures": {
        "name": "ft_t1_airfield_01_02_bomb_target",
        "tm": [
          [-0.843392,0.0,0.537299],
          [0.0,1.0,0.0],
          [-0.537299,0.0,-0.843392],
          [-39058.7,81.2194,27203.2]
        ],
        "unit_class": "dummy",
        "objLayer": 2,
        "closed_waypoints": false,
        "weapons": "",
        "bullets0": "",
        "bullets1": "",
        "bullets2": "",
        "bullets3": "",
        "bulletsCount0": 0,
        "bulletsCount1": 0,
        "bulletsCount2": 0,
        "bulletsCount3": 0,
        "props": {
          "army": 1,
          "count": 1,
          "formation_type": "rows",
          "formation_div": 3,
          "formation_step": [2.5,2.0],
          "formation_noise": [0.1,0.1],
          "uniqueName": "",
          "attack_type": "fire_at_will",
          "stealthRadius": 0.0,
          "setStealth": true,
          "targetableByAi": false
        },
        "way": []
      }
    },
    {
      "structures": {
        "name": "ft_t2_airfield_01_01_bomb_target",
        "tm": [
          [0.194897,0.0,-0.980823],
          [0.0,1.0,0.0],
          [0.980823,0.0,0.194897],
          [16792.0,230.505,-52818.2]
        ],
        "unit_class": "dummy",
        "objLayer": 2,
        "closed_waypoints": false,
        "weapons": "",
        "bullets0": "",
        "bullets1": "",
        "bullets2": "",
        "bullets3": "",
        "bulletsCount0": 0,
        "bulletsCount1": 0,
        "bulletsCount2": 0,
        "bulletsCount3": 0,
        "props": {
          "army": 2,
          "count": 1,
          "formation_type": "rows",
          "formation_div": 3,
          "formation_step": [2.5,2.0],
          "formation_noise": [0.1,0.1],
          "uniqueName": "",
          "attack_type": "fire_at_will",
          "stealthRadius": 0.0,
          "setStealth": true,
          "targetableByAi": false
        },
        "way": []
      }
    },
    {
      "structures": {
        "name": "ft_t2_airfield_02_01_bomb_target",
        "tm": [
          [0.60876,0.0,-0.793353],
          [0.0,1.0,0.0],
          [0.793353,0.0,0.60876],
          [3901.97,133.137,-42028.5]
        ],
        "unit_class": "dummy",
        "objLayer": 2,
        "closed_waypoints": false,
        "weapons": "",
        "bullets0": "",
        "bullets1": "",
        "bullets2": "",
        "bullets3": "",
        "bulletsCount0": 0,
        "bulletsCount1": 0,
        "bulletsCount2": 0,
        "bulletsCount3": 0,
        "props": {
          "army": 2,
          "count": 1,
          "formation_type": "rows",
          "formation_div": 3,
          "formation_step": [2.5,2.0],
          "formation_noise": [0.1,0.1],
          "uniqueName": "",
          "attack_type": "fire_at_will",
          "stealthRadius": 0.0,
          "setStealth": true,
          "targetableByAi": false
        },
        "way": []
      }
    },
    {
      "structures": {
        "name": "ft_t2_airfield_03_01_bomb_target",
        "tm": [
          [-0.21644,0.0,-0.976297],
          [0.0,1.0,0.0],
          [0.976297,0.0,-0.21644],
          [4250.25,18.3181,-32263.7]
        ],
        "unit_class": "dummy",
        "objLayer": 2,
        "closed_waypoints": false,
        "weapons": "",
        "bullets0": "",
        "bullets1": "",
        "bullets2": "",
        "bullets3": "",
        "bulletsCount0": 0,
        "bulletsCount1": 0,
        "bulletsCount2": 0,
        "bulletsCount3": 0,
        "props": {
          "army": 2,
          "count": 1,
          "formation_type": "rows",
          "formation_div": 3,
          "formation_step": [2.5,2.0],
          "formation_noise": [0.1,0.1],
          "uniqueName": "",
          "attack_type": "fire_at_will",
          "stealthRadius": 0.0,
          "setStealth": true,
          "targetableByAi": false
        },
        "way": []
      }
    },
    {
      "structures": {
        "name": "ft_t2_airfield_02_02_bomb_target",
        "tm": [
          [0.300706,0.0,-0.953717],
          [0.0,1.0,0.0],
          [0.953717,0.0,0.300706],
          [42167.5,8.93781,-29020.3]
        ],
        "unit_class": "dummy",
        "objLayer": 2,
        "closed_waypoints": false,
        "weapons": "",
        "bullets0": "",
        "bullets1": "",
        "bullets2": "",
        "bullets3": "",
        "bulletsCount0": 0,
        "bulletsCount1": 0,
        "bulletsCount2": 0,
        "bulletsCount3": 0,
        "props": {
          "army": 2,
          "count": 1,
          "formation_type": "rows",
          "formation_div": 3,
          "formation_step": [2.5,2.0],
          "formation_noise": [0.1,0.1],
          "uniqueName": "",
          "attack_type": "fire_at_will",
          "stealthRadius": 0.0,
          "setStealth": true,
          "targetableByAi": false
        },
        "way": []
      }
    },
    {
      "structures": {
        "name": "ft_t2_airfield_01_02_bomb_target",
        "tm": [
          [-0.675591,0.0,-0.737278],
          [0.0,1.0,0.0],
          [0.737278,0.0,-0.675591],
          [38104.3,188.087,-55653.9]
        ],
        "unit_class": "dummy",
        "objLayer": 2,
        "closed_waypoints": false,
        "weapons": "",
        "bullets0": "",
        "bullets1": "",
        "bullets2": "",
        "bullets3": "",
        "bulletsCount0": 0,
        "bulletsCount1": 0,
        "bulletsCount2": 0,
        "bulletsCount3": 0,
        "props": {
          "army": 2,
          "count": 1,
          "formation_type": "rows",
          "formation_div": 3,
          "formation_step": [2.5,2.0],
          "formation_noise": [0.1,0.1],
          "uniqueName": "",
          "attack_type": "fire_at_will",
          "stealthRadius": 0.0,
          "setStealth": true,
          "targetableByAi": false
        },
        "way": []
      }
    },
    {
      "structures": {
        "name": "ft_t2_airfield_03_02_bomb_target",
        "tm": [
          [-0.67559,0.0,-0.737277],
          [0.0,1.0,0.0],
          [0.737277,0.0,-0.67559],
          [26204.3,7.97155,-20122.6]
        ],
        "unit_class": "dummy",
        "objLayer": 2,
        "closed_waypoints": false,
        "weapons": "",
        "bullets0": "",
        "bullets1": "",
        "bullets2": "",
        "bullets3": "",
        "bulletsCount0": 0,
        "bulletsCount1": 0,
        "bulletsCount2": 0,
        "bulletsCount3": 0,
        "props": {
          "army": 2,
          "count": 1,
          "formation_type": "rows",
          "formation_div": 3,
          "formation_step": [2.5,2.0],
          "formation_noise": [0.1,0.1],
          "uniqueName": "",
          "attack_type": "fire_at_will",
          "stealthRadius": 0.0,
          "setStealth": true,
          "targetableByAi": false
        },
        "way": []
      }
    },
    {
      "structures": {
        "name": "ft_t2_airfield_01_03_bomb_target",
        "tm": [
          [-0.831488,0.0,-0.555543],
          [0.0,1.0,0.0],
          [0.555543,0.0,-0.831488],
          [49964.9,76.421,-49117.2]
        ],
        "unit_class": "dummy",
        "objLayer": 2,
        "closed_waypoints": false,
        "weapons": "",
        "bullets0": "",
        "bullets1": "",
        "bullets2": "",
        "bullets3": "",
        "bulletsCount0": 0,
        "bulletsCount1": 0,
        "bulletsCount2": 0,
        "bulletsCount3": 0,
        "props": {
          "army": 2,
          "count": 1,
          "formation_type": "rows",
          "formation_div": 3,
          "formation_step": [2.5,2.0],
          "formation_noise": [0.1,0.1],
          "uniqueName": "",
          "attack_type": "fire_at_will",
          "stealthRadius": 0.0,
          "setStealth": true,
          "targetableByAi": false
        },
        "way": []
      }
    },
    {
      "squad": {
        "name": "all_bomb_targets_squad",
        "tm": [
          [-0.130526,0.0,0.991445],
          [0.0,1.0,0.0],
          [-0.991445,0.0,-0.130526],
          [27816.3,7.97384,-22377.1]
        ],
        "props": [
          {
            "squad_members": "ft_t1_airfield_03_01_bomb_target"
          },
          {
            "squad_members": "ft_t1_airfield_01_01_bomb_target"
          },
          {
            "squad_members": "ft_t1_airfield_02_01_bomb_target"
          },
          {
            "squad_members": "ft_t1_airfield_03_02_bomb_target"
          },
          {
            "squad_members": "ft_t1_airfield_01_03_bomb_target"
          },
          {
            "squad_members": "ft_t1_airfield_02_02_bomb_target"
          },
          {
            "squad_members": "ft_t1_airfield_01_02_bomb_target"
          },
          {
            "squad_members": "ft_t2_airfield_01_01_bomb_target"
          },
          {
            "squad_members": "ft_t2_airfield_02_01_bomb_target"
          },
          {
            "squad_members": "ft_t2_airfield_03_01_bomb_target"
          },
          {
            "squad_members": "ft_t2_airfield_02_02_bomb_target"
          },
          {
            "squad_members": "ft_t2_airfield_01_02_bomb_target"
          },
          {
            "squad_members": "ft_t2_airfield_03_02_bomb_target"
          },
          {
            "squad_members": "ft_t2_airfield_01_03_bomb_target"
          },
          {
            "squad_members": "ft_t1_airfield_03_03_bomb_target"
          },
          {
            "squad_members": "ft_t1_airfield_02_03_bomb_target"
          },
          {
            "squad_members": "ft_t2_airfield_02_03_bomb_target"
          },
          {
            "squad_members": "ft_t2_airfield_03_03_bomb_target"
          }
        ]
      }
    },
    {
      "air_defence": {
        "name": "ft_t1_airfield_01_big_aaa",
        "tm": [
          [-0.130526,0.0,0.991445],
          [0.0,1.0,0.0],
          [-0.991445,0.0,-0.130526],
          [-57670.3,-2.8,-64118.4]
        ],
        "unit_class": "us_90mm_m1",
        "objLayer": 1,
        "closed_waypoints": false,
        "weapons": "",
        "bullets0": "",
        "bullets1": "",
        "bullets2": "",
        "bullets3": "",
        "bulletsCount0": 0,
        "bulletsCount1": 0,
        "bulletsCount2": 0,
        "bulletsCount3": 0,
        "props": {
          "army": 1,
          "count": 4,
          "formation_type": "rows",
          "formation_div": 3,
          "formation_step": [2.5,2.0],
          "formation_noise": [0.1,0.1],
          "uniqueName": "",
          "attack_type": "fire_at_will",
          "isDelayed": true
        },
        "way": []
      }
    },
    {
      "air_defence": {
        "name": "ft_t1_airfield_01_medium_aaa",
        "tm": [
          [-0.130526,0.0,0.991445],
          [0.0,1.0,0.0],
          [-0.991445,0.0,-0.130526],
          [-57738.7,-2.8,-63659.9]
        ],
        "unit_class": "us_40mm_bofors_airfield",
        "objLayer": 1,
        "closed_waypoints": false,
        "weapons": "",
        "bullets0": "",
        "bullets1": "",
        "bullets2": "",
        "bullets3": "",
        "bulletsCount0": 0,
        "bulletsCount1": 0,
        "bulletsCount2": 0,
        "bulletsCount3": 0,
        "props": {
          "army": 1,
          "count": 6,
          "formation_type": "rows",
          "formation_div": 3,
          "formation_step": [2.5,2.0],
          "formation_noise": [0.1,0.1],
          "uniqueName": "",
          "attack_type": "fire_at_will",
          "isDelayed": true
        },
        "way": []
      }
    },
    {
      "air_defence": {
        "name": "ft_t1_airfield_01_small_aaa",
        "tm": [
          [-0.130526,0.0,0.991445],
          [0.0,1.0,0.0],
          [-0.991445,0.0,-0.130526],
          [-57843.8,-2.8,-63266.4]
        ],
        "unit_class": "ussr_25mm_72k_airfield",
        "objLayer": 1,
        "closed_waypoints": false,
        "weapons": "",
        "bullets0": "",
        "bullets1": "",
        "bullets2": "",
        "bullets3": "",
        "bulletsCount0": 0,
        "bulletsCount1": 0,
        "bulletsCount2": 0,
        "bulletsCount3": 0,
        "props": {
          "army": 1,
          "count": 4,
          "formation_type": "rows",
          "formation_div": 3,
          "formation_step": [2.5,2.0],
          "formation_noise": [0.1,0.1],
          "uniqueName": "",
          "attack_type": "fire_at_will",
          "isDelayed": true
        },
        "way": []
      }
    },
    {
      "air_defence": {
        "name": "ft_t1_airfield_02_big_aaa",
        "tm": [
          [-0.130526,0.0,0.991445],
          [0.0,1.0,0.0],
          [-0.991445,0.0,-0.130526],
          [-57312.6,-2.8,-64066.9]
        ],
        "unit_class": "us_90mm_m1",
        "objLayer": 1,
        "closed_waypoints": false,
        "weapons": "",
        "bullets0": "",
        "bullets1": "",
        "bullets2": "",
        "bullets3": "",
        "bulletsCount0": 0,
        "bulletsCount1": 0,
        "bulletsCount2": 0,
        "bulletsCount3": 0,
        "props": {
          "army": 1,
          "count": 4,
          "formation_type": "rows",
          "formation_div": 3,
          "formation_step": [2.5,2.0],
          "formation_noise": [0.1,0.1],
          "uniqueName": "",
          "attack_type": "fire_at_will",
          "isDelayed": true
        },
        "way": []
      }
    },
    {
      "air_defence": {
        "name": "ft_t1_airfield_02_medium_aaa",
        "tm": [
          [-0.130526,0.0,0.991445],
          [0.0,1.0,0.0],
          [-0.991445,0.0,-0.130526],
          [-57370.7,-2.8,-63627.3]
        ],
        "unit_class": "us_40mm_bofors_airfield",
        "objLayer": 1,
        "closed_waypoints": false,
        "weapons": "",
        "bullets0": "",
        "bullets1": "",
        "bullets2": "",
        "bullets3": "",
        "bulletsCount0": 0,
        "bulletsCount1": 0,
        "bulletsCount2": 0,
        "bulletsCount3": 0,
        "props": {
          "army": 1,
          "count": 6,
          "formation_type": "rows",
          "formation_div": 3,
          "formation_step": [2.5,2.0],
          "formation_noise": [0.1,0.1],
          "uniqueName": "",
          "attack_type": "fire_at_will",
          "isDelayed": true
        },
        "way": []
      }
    },
    {
      "air_defence": {
        "name": "ft_t1_airfield_02_small_aaa",
        "tm": [
          [-0.130526,0.0,0.991445],
          [0.0,1.0,0.0],
          [-0.991445,0.0,-0.130526],
          [-57437.8,-2.8,-63238.2]
        ],
        "unit_class": "ussr_25mm_72k_airfield",
        "objLayer": 1,
        "closed_waypoints": false,
        "weapons": "",
        "bullets0": "",
        "bullets1": "",
        "bullets2": "",
        "bullets3": "",
        "bulletsCount0": 0,
        "bulletsCount1": 0,
        "bulletsCount2": 0,
        "bulletsCount3": 0,
        "props": {
          "army": 1,
          "count": 4,
          "formation_type": "rows",
          "formation_div": 3,
          "formation_step": [2.5,2.0],
          "formation_noise": [0.1,0.1],
          "uniqueName": "",
          "attack_type": "fire_at_will",
          "isDelayed": true
        },
        "way": []
      }
    },
    {
      "air_defence": {
        "name": "ft_t1_airfield_03_big_aaa",
        "tm": [
          [-0.130526,0.0,0.991445],
          [0.0,1.0,0.0],
          [-0.991445,0.0,-0.130526],
          [-57005.0,-2.8,-64028.7]
        ],
        "unit_class": "us_90mm_m1",
        "objLayer": 1,
        "closed_waypoints": false,
        "weapons": "",
        "bullets0": "",
        "bullets1": "",
        "bullets2": "",
        "bullets3": "",
        "bulletsCount0": 0,
        "bulletsCount1": 0,
        "bulletsCount2": 0,
        "bulletsCount3": 0,
        "props": {
          "army": 1,
          "count": 4,
          "formation_type": "rows",
          "formation_div": 3,
          "formation_step": [2.5,2.0],
          "formation_noise": [0.1,0.1],
          "uniqueName": "",
          "attack_type": "fire_at_will",
          "isDelayed": true
        },
        "way": []
      }
    },
    {
      "air_defence": {
        "name": "ft_t1_airfield_03_medium_aaa",
        "tm": [
          [-0.130526,0.0,0.991445],
          [0.0,1.0,0.0],
          [-0.991445,0.0,-0.130526],
          [-57092.4,-2.8,-63595.1]
        ],
        "unit_class": "us_40mm_bofors_airfield",
        "objLayer": 1,
        "closed_waypoints": false,
        "weapons": "",
        "bullets0": "",
        "bullets1": "",
        "bullets2": "",
        "bullets3": "",
        "bulletsCount0": 0,
        "bulletsCount1": 0,
        "bulletsCount2": 0,
        "bulletsCount3": 0,
        "props": {
          "army": 1,
          "count": 6,
          "formation_type": "rows",
          "formation_div": 3,
          "formation_step": [2.5,2.0],
          "formation_noise": [0.1,0.1],
          "uniqueName": "",
          "attack_type": "fire_at_will",
          "isDelayed": true
        },
        "way": []
      }
    },
    {
      "air_defence": {
        "name": "ft_t1_airfield_03_small_aaa",
        "tm": [
          [-0.130526,0.0,0.991445],
          [0.0,1.0,0.0],
          [-0.991445,0.0,-0.130526],
          [-57094.0,-2.8,-63226.0]
        ],
        "unit_class": "ussr_25mm_72k_airfield",
        "objLayer": 1,
        "closed_waypoints": false,
        "weapons": "",
        "bullets0": "",
        "bullets1": "",
        "bullets2": "",
        "bullets3": "",
        "bulletsCount0": 0,
        "bulletsCount1": 0,
        "bulletsCount2": 0,
        "bulletsCount3": 0,
        "props": {
          "army": 1,
          "count": 4,
          "formation_type": "rows",
          "formation_div": 3,
          "formation_step": [2.5,2.0],
          "formation_noise": [0.1,0.1],
          "uniqueName": "",
          "attack_type": "fire_at_will",
          "isDelayed": true
        },
        "way": []
      }
    },
    {
      "squad": {
        "name": "ft_t1_airfield_01_aaa_squad",
        "tm": [
          [-0.130526,0.0,0.991445],
          [0.0,1.0,0.0],
          [-0.991445,0.0,-0.130526],
          [-58705.2,0.95,-63074.8]
        ],
        "props": [
          {
            "squad_members": "ft_t1_airfield_01_big_aaa"
          },
          {
            "squad_members": "ft_t1_airfield_01_medium_aaa"
          },
          {
            "squad_members": "ft_t1_airfield_01_small_aaa"
          }
        ]
      }
    },
    {
      "squad": {
        "name": "ft_t1_airfield_02_aaa_squad",
        "tm": [
          [-0.130526,0.0,0.991445],
          [0.0,1.0,0.0],
          [-0.991445,0.0,-0.130526],
          [-58396.8,0.95,-63055.7]
        ],
        "props": [
          {
            "squad_members": "ft_t1_airfield_02_big_aaa"
          },
          {
            "squad_members": "ft_t1_airfield_02_medium_aaa"
          },
          {
            "squad_members": "ft_t1_airfield_02_small_aaa"
          }
        ]
      }
    },
    {
      "squad": {
        "name": "ft_t1_airfield_03_aaa_squad",
        "tm": [
          [-0.130526,0.0,0.991445],
          [0.0,1.0,0.0],
          [-0.991445,0.0,-0.130526],
          [-58072.0,0.95,-62699.9]
        ],
        "props": [
          {
            "squad_members": "ft_t1_airfield_03_big_aaa"
          },
          {
            "squad_members": "ft_t1_airfield_03_medium_aaa"
          },
          {
            "squad_members": "ft_t1_airfield_03_small_aaa"
          }
        ]
      }
    },
    {
      "squad": {
        "name": "ft_t1_small_aaa_squad",
        "tm": [
          [-0.130526,0.0,0.991445],
          [0.0,1.0,0.0],
          [-0.991445,0.0,-0.130526],
          [-58145.3,0.8,-61856.4]
        ],
        "props": [
          {
            "squad_members": "ft_t1_airfield_01_medium_aaa"
          },
          {
            "squad_members": "ft_t1_airfield_01_small_aaa"
          },
          {
            "squad_members": "ft_t1_airfield_02_medium_aaa"
          },
          {
            "squad_members": "ft_t1_airfield_02_small_aaa"
          },
          {
            "squad_members": "ft_t1_airfield_03_medium_aaa"
          },
          {
            "squad_members": "ft_t1_airfield_03_small_aaa"
          }
        ]
      }
    },
    {
      "squad": {
        "name": "ft_t1_big_aaa_squad",
        "tm": [
          [-0.130526,0.0,0.991445],
          [0.0,1.0,0.0],
          [-0.991445,0.0,-0.130526],
          [-57806.4,2.05,-61247.7]
        ],
        "props": [
          {
            "squad_members": "ft_t1_airfield_01_big_aaa"
          },
          {
            "squad_members": "ft_t1_airfield_02_big_aaa"
          },
          {
            "squad_members": "ft_t1_airfield_03_big_aaa"
          }
        ]
      }
    },
    {
      "air_defence": {
        "name": "ft_t2_airfield_01_big_aaa",
        "tm": [
          [-0.130526,0.0,0.991445],
          [0.0,1.0,0.0],
          [-0.991445,0.0,-0.130526],
          [-58681.1,-2.8,-67171.7]
        ],
        "unit_class": "germ_88mm_flak36",
        "objLayer": 1,
        "closed_waypoints": false,
        "weapons": "",
        "bullets0": "",
        "bullets1": "",
        "bullets2": "",
        "bullets3": "",
        "bulletsCount0": 0,
        "bulletsCount1": 0,
        "bulletsCount2": 0,
        "bulletsCount3": 0,
        "props": {
          "army": 2,
          "count": 4,
          "formation_type": "rows",
          "formation_div": 3,
          "formation_step": [2.5,2.0],
          "formation_noise": [0.1,0.1],
          "uniqueName": "",
          "attack_type": "fire_at_will",
          "isDelayed": true
        },
        "way": []
      }
    },
    {
      "air_defence": {
        "name": "ft_t2_airfield_01_medium_aaa",
        "tm": [
          [-0.130526,0.0,0.991445],
          [0.0,1.0,0.0],
