{
  "selected_tag": "",
  "bin_dump_file": "",
  "mission_settings": {
    "atmosphere": {
      "pressure": 760.0,
      "temperature": 15.0
    },
    "player": {
      "army": 1,
      "wing": "armada_01"
    },
    "player_teamB": {
      "army": 2
    },
    "mission": {
      "name": "untitled",
      "level": "levels/water.bin",
      "type": "singleMission",
      "restoreType": "attempts",
      "optionalTakeOff": false,
      "campaign": "UserMissions",
      "environment": "Day",
      "weather": "hazy",
      "missionDebriefing": "",
      "missionBriefing": "",
      "tags": [],
      "missionType": {
        "_Dom": false,
        "_Conq": false,
        "_Bttl": false,
        "_Bto": false,
        "_Flc": false,
        "_v1_race_straight": false,
        "_v1_race_inverted": false,
        "_v2_race_straight": false,
        "_v2_race_inverted": false,
        "_Conq1": false,
        "_Conq2": false,
        "_Conq3": false,
        "_Conq4": false,
        "_Conq5": false,
        "_Conq6": false,
        "_DBttlA": false,
        "_DBttlB": false
      }
    },
    "spectator_points": [],
    "cover_points": [],
    "aiParams": {
      "aiEffectivenessViscosity": 90.0,
      "effectivenessDistances": [2500.0,7000.0]
    }
  },
  "imports": [
    {
      "import_record": {
        "file": "gameData/missions/templates/air_templates/jip/air_lpt_lookup_template.blk",
        "importAreas": true,
        "importUnits": true,
        "importTriggers": true,
        "importMissionObjectives": true,
        "importWayPoints": true,
        "showAreas": true,
        "showUnits": true,
        "showTriggers": true,
        "showMissionObjectives": true,
        "showWayPoints": true,
        "excludes": []
      }
    },
    {
      "import_record": {
        "file": "gameData/missions/templates/air_templates/jip/lookups_planesets/lpt_t1_uk.blk",
        "importAreas": true,
        "importUnits": true,
        "importTriggers": true,
        "importMissionObjectives": true,
        "importWayPoints": true,
        "showAreas": true,
        "showUnits": true,
        "showTriggers": true,
        "showMissionObjectives": true,
        "showWayPoints": true,
        "excludes": []
      }
    },
    {
      "import_record": {
        "file": "gameData/missions/templates/air_templates/jip/lookups_planesets/lpt_t2_germ.blk",
        "importAreas": true,
        "importUnits": true,
        "importTriggers": true,
        "importMissionObjectives": true,
        "importWayPoints": true,
        "showAreas": true,
        "showUnits": true,
        "showTriggers": true,
        "showMissionObjectives": true,
        "showWayPoints": true,
        "excludes": []
      }
    }
  ],
  "triggers": {
    "isCategory": true,
    "is_enabled": true,
    "lpt_part_init": {
      "is_enabled": true,
      "comments": "",
      "props": {
        "actionsType": "PERFORM_ONE_BY_ONE",
        "conditionsType": "ALL",
        "enableAfterComplete": false
      },
      "events": {
        "initMission": []
      },
      "conditions": [],
      "actions": {
        "comment": {
          "value": "количество точек +1"
        },
        "varSetInt": {
          "value": 4,
          "var": "lpt_num_points"
        }
      },
      "else_actions": []
    }
  },
  "mission_objectives": {
    "isCategory": true,
    "is_enabled": true
  },
  "variables": [],
  "dialogs": [],
  "airfields": [],
  "effects": [],
  "units": [
    {
      "squad": {
        "name": "lpt_t1_lookup_squad",
        "tm": [
          [0.793353,0.0,-0.608761],
          [0.0,1.0,0.0],
          [0.608761,0.0,0.793353],
          [89.0398,2.95,-5040.0]
        ],
        "props": [
          {
            "squad_members": "lpt_t1_lookup_rank_01"
          },
          {
            "squad_members": "lpt_t1_lookup_rank_02"
          },
          {
            "squad_members": "lpt_t1_lookup_rank_03"
          },
          {
            "squad_members": "lpt_t1_lookup_rank_04"
          },
          {
            "squad_members": "lpt_t1_lookup_rank_05"
          }
        ]
      }
    },
    {
      "squad": {
        "name": "lpt_t2_lookup_squad",
        "tm": [
          [0.793353,0.0,-0.608761],
          [0.0,1.0,0.0],
          [0.608761,0.0,0.793353],
          [-5060.79,-1.65,-6846.43]
        ],
        "props": [
          {
            "squad_members": "lpt_t2_lookup_rank_01"
          },
          {
            "squad_members": "lpt_t2_lookup_rank_02"
          },
          {
            "squad_members": "lpt_t2_lookup_rank_03"
          },
          {
            "squad_members": "lpt_t2_lookup_rank_04"
          },
          {
            "squad_members": "lpt_t2_lookup_rank_05"
          }
        ]
      }
    }
  ],
  "areas": {
    "t1_lookup_spawn_01": {
      "type": "Point",
      "tm": [
        [0.707107,0.0,-0.707107],
        [0.0,1.0,0.0],
        [0.707107,0.0,0.707107],
        [-50241.8,4500.0,28277.4]
      ],
      "objLayer": 0,
      "props": []
    },
    "t2_lookup_spawn_01": {
      "type": "Point",
      "tm": [
        [-0.843392,0.0,0.5373],
        [0.0,1.0,0.0],
        [-0.5373,0.0,-0.843392],
        [48447.9,4500.0,-46899.0]
      ],
      "objLayer": 0,
      "props": []
    },
    "t1_lookup_retreat_point": {
      "type": "Sphere",
      "tm": [
        [7140.18,0.0,-5478.85],
        [0.0,9000.0,0.0],
        [5478.85,0.0,7140.18],
        [-59341.8,4500.0,32720.2]
      ],
      "objLayer": 0,
      "props": []
    },
    "t2_lookup_retreat_point": {
      "type": "Sphere",
      "tm": [
        [-7140.18,0.0,5478.85],
        [0.0,9000.0,0.0],
        [-5478.85,0.0,-7140.18],
        [58921.9,4500.0,-58461.7]
      ],
      "objLayer": 0,
      "props": []
    },
    "t1_lookup_point_01": {
      "type": "Point",
      "tm": [
        [-0.999048,0.0,0.0436197],
        [0.0,1.0,0.0],
        [-0.0436197,0.0,-0.999048],
        [36055.7,3500.0,-13646.0]
      ],
      "objLayer": 0,
      "props": []
    },
    "t1_lookup_point_02": {
      "type": "Point",
      "tm": [
        [-0.999048,0.0,0.0436197],
        [0.0,1.0,0.0],
        [-0.0436197,0.0,-0.999048],
        [25642.3,3500.0,-38753.2]
      ],
      "objLayer": 0,
      "props": []
    },
    "t1_lookup_point_03": {
      "type": "Point",
      "tm": [
        [-0.999048,0.0,0.0436197],
        [0.0,1.0,0.0],
        [-0.0436197,0.0,-0.999048],
        [1074.25,3500.0,-45429.8]
      ],
      "objLayer": 0,
      "props": []
    },
    "t2_lookup_point_01": {
      "type": "Point",
      "tm": [
        [-0.999048,0.0,0.0436197],
        [0.0,1.0,0.0],
        [-0.0436197,0.0,-0.999048],
        [-19104.2,3500.0,22983.8]
      ],
      "objLayer": 0,
      "props": []
    },
    "t2_lookup_point_02": {
      "type": "Point",
      "tm": [
        [-0.999048,0.0,0.0436197],
        [0.0,1.0,0.0],
        [-0.0436197,0.0,-0.999048],
        [-34601.3,3500.0,14985.9]
      ],
      "objLayer": 0,
      "props": []
    },
    "t2_lookup_point_03": {
      "type": "Point",
      "tm": [
        [-0.999048,0.0,0.0436197],
        [0.0,1.0,0.0],
        [-0.0436197,0.0,-0.999048],
        [-49524.4,3500.0,-2265.65]
      ],
      "objLayer": 0,
      "props": []
    },
    "t2_lookup_spawn_02": {
      "type": "Point",
      "tm": [
        [-0.843392,0.0,0.5373],
        [0.0,1.0,0.0],
        [-0.5373,0.0,-0.843392],
        [58188.1,4500.0,-34205.3]
      ],
      "objLayer": 0,
      "props": []
    },
    "t2_lookup_spawn_03": {
      "type": "Point",
      "tm": [
        [-0.843392,0.0,0.5373],
        [0.0,1.0,0.0],
        [-0.5373,0.0,-0.843392],
        [38707.7,4500.0,-59592.7]
      ],
      "objLayer": 0,
      "props": []
    },
    "t1_lookup_spawn_02": {
      "type": "Point",
      "tm": [
        [0.707107,0.0,-0.707107],
        [0.0,1.0,0.0],
        [0.707107,0.0,0.707107],
        [-40501.6,4500.0,40971.1]
      ],
      "objLayer": 0,
      "props": []
    },
    "t1_lookup_spawn_03": {
      "type": "Point",
      "tm": [
        [0.707107,0.0,-0.707107],
        [0.0,1.0,0.0],
        [0.707107,0.0,0.707107],
        [-59982.0,4500.0,15583.7]
      ],
      "objLayer": 0,
      "props": []
    }
  },
  "objLayers": [
    {
      "layer": {
        "enabled": true
      }
    },
    {
      "layer": {
        "enabled": true
      }
    },
    {
      "layer": {
        "enabled": true
      }
    },
    {
      "layer": {
        "enabled": true
      }
    }
  ],
  "wayPoints": []
}