{
  "selected_tag": "",
  "bin_dump_file": "",
  "mission_settings": {
    "atmosphere": {
      "pressure": 760.0,
      "temperature": 30.0
    },
    "player": [
      {
        "army": 1
      },
      {
        "wing": "t1_player01"
      },
      {
        "wing": "t1_player02"
      },
      {
        "wing": "t1_player03"
      },
      {
        "wing": "t1_player04"
      },
      {
        "wing": "t1_player05"
      },
      {
        "wing": "t1_player06"
      },
      {
        "wing": "t1_player07"
      },
      {
        "wing": "t1_player08"
      },
      {
        "wing": "t1_player09"
      },
      {
        "wing": "t1_player10"
      },
      {
        "wing": "t1_player11"
      },
      {
        "wing": "t1_player12"
      },
      {
        "wing": "t1_player13"
      },
      {
        "wing": "t1_player14"
      },
      {
        "wing": "t1_player15"
      },
      {
        "wing": "t1_player16"
      }
    ],
    "player_teamB": [
      {
        "army": 2
      },
      {
        "wing": "t2_player01"
      },
      {
        "wing": "t2_player02"
      },
      {
        "wing": "t2_player03"
      },
      {
        "wing": "t2_player04"
      },
      {
        "wing": "t2_player05"
      },
      {
        "wing": "t2_player06"
      },
      {
        "wing": "t2_player07"
      },
      {
        "wing": "t2_player08"
      },
      {
        "wing": "t2_player09"
      },
      {
        "wing": "t2_player10"
      },
      {
        "wing": "t2_player11"
      },
      {
        "wing": "t2_player12"
      },
      {
        "wing": "t2_player13"
      },
      {
        "wing": "t2_player14"
      },
      {
        "wing": "t2_player15"
      },
      {
        "wing": "t2_player16"
      },
      {
        "wing": "t2_player17"
      }
    ],
    "mission": {
      "name": "guadalcanal_Bttl",
      "level": "levels/avg_guadalcanal.bin",
      "type": "domination",
      "restoreType": "attempts",
      "optionalTakeOff": false,
      "campaign": "pacific",
      "environment": "Day",
      "weather": "hazy",
      "missionDebriefing": "",
      "missionBriefing": "",
      "chapter": "air_ground_battles",
      "scoreLimit": 6400,
      "timeLimit": 25,
      "deathPenaltyMul": 1.0,
      "randomSpawnTeams": true,
      "remapAiTankModels": true,
      "country_axis": "germany",
      "country_allies": "ussr",
      "tags": [],
      "missionType": {
        "_Dom": false,
        "_Conq": false,
        "_Bttl": false,
        "_Bto": false,
        "_race_straight": false,
        "_race_inverted": false,
        "_Flc": false,
        "_v1_race_straight": false,
        "_v1_race_inverted": false,
        "_v2_race_straight": false,
        "_v2_race_inverted": false,
        "_Conq1": false,
        "_Conq2": false,
        "_Conq3": false,
        "_Conq4": false,
        "_Conq5": false,
        "_Conq6": false,
        "_DBttlA": false,
        "_DBttlB": false,
        "_CnvA": false,
        "_CnvB": false,
        "_ArtDA": false,
        "_ArtDB": false
      }
    },
    "cover_points": [],
    "aiParams": {
      "aiEffectivenessViscosity": 90.0,
      "effectivenessDistances": [2500.0,7000.0]
    },
    "spectator_points": [],
    "briefing": {
      "place_loc": "",
      "date_loc": "",
      "objective_loc": "",
      "music": "action_01",
      "part": {
        "event": "",
        "minTime": 0,
        "slide": [
          {
            "map": true
          },
          {
            "minTime": 4
          },
          {
            "picture": ""
          },
          {
            "showAirMap": false
          },
          {
            "icon": {
              "icontype": "tank",
              "side": "ally",
              "target": "t2_tank_spawn_01"
            }
          },
          {
            "icon": {
              "icontype": "tank",
              "side": "ally",
              "target": "t2_tank_spawn_02"
            }
          },
          {
            "icon": {
              "icontype": "tank",
              "side": "enemy",
              "target": "t1_tank_spawn_01"
            }
          },
          {
            "icon": {
              "icontype": "tank",
              "side": "enemy",
              "target": "t1_tank_spawn_02"
            }
          },
          {
            "captureZone": {
              "area": "capture_area_01",
              "side": "ally",
              "type": "ground"
            }
          },
          {
            "captureZone": {
              "area": "capture_area_02",
              "side": "enemy",
              "type": "ground"
            }
          }
        ]
      }
    }
  },
  "imports": {
    "import_record": {
      "file": "gameData/missions/templates/tank_templates/dbttl_template.blk",
      "importAreas": true,
      "importUnits": true,
      "importTriggers": true,
      "importMissionObjectives": true,
      "importWayPoints": true,
      "showAreas": true,
      "showUnits": true,
      "showTriggers": true,
      "showMissionObjectives": true,
      "showWayPoints": true,
      "excludes": []
    }
  },
  "triggers": {
    "isCategory": true,
    "is_enabled": true
  },
  "mission_objectives": {
    "isCategory": true,
    "is_enabled": true
  },
  "variables": [],
  "dialogs": [],
  "airfields": [],
  "effects": [],
  "units": [
    {
      "objectGroups": {
        "name": "dbttl_t2_circle",
        "tm": [
          [1.15658,0.0,-1.10557],
          [0.0,1.0,0.0],
          [1.10557,0.0,1.15658],
          [2139.59,9.11783,2110.71]
        ],
        "unit_class": "capture_zone_circle",
        "objLayer": 2,
        "props": {
          "army": 0,
          "active": false
        }
      }
    },
    {
      "area_squad": {
        "name": "dbttl_t1_spawn_01",
        "tm": [
          [-0.831064,0.0,-0.556177],
          [0.0,1.0,0.0],
          [0.556177,0.0,-0.831064],
          [1841.28,7.86092,1363.43]
        ],
        "props": [
          {
            "squad_members": "dbttl_t1_spawn_01_01"
          },
          {
            "squad_members": "dbttl_t1_spawn_01_02"
          },
          {
            "squad_members": "dbttl_t1_spawn_01_03"
          },
          {
            "squad_members": "dbttl_t1_spawn_01_04"
          },
          {
            "squad_members": "dbttl_t1_spawn_01_05"
          },
          {
            "squad_members": "dbttl_t1_spawn_01_06"
          },
          {
            "squad_members": "dbttl_t1_spawn_01_07"
          },
          {
            "squad_members": "dbttl_t1_spawn_01_08"
          },
          {
            "squad_members": "dbttl_t1_spawn_01_09"
          },
          {
            "squad_members": "dbttl_t1_spawn_01_10"
          },
          {
            "squad_members": "dbttl_t1_spawn_01_11"
          },
          {
            "squad_members": "dbttl_t1_spawn_01_12"
          },
          {
            "squad_members": "dbttl_t1_spawn_01_13"
          },
          {
            "squad_members": "dbttl_t1_spawn_01_14"
          },
          {
            "squad_members": "dbttl_t1_spawn_01_15"
          },
          {
            "squad_members": "dbttl_t1_spawn_01_16"
          }
        ]
      }
    },
    {
      "area_squad": {
        "name": "dbttl_t1_spawn_02",
        "tm": [
          [-0.901187,0.0,-0.433428],
          [0.0,1.0,0.0],
          [0.433428,0.0,-0.901187],
          [2344.9,-1069.21,1212.1]
        ],
        "props": [
          {
            "squad_members": "dbttl_t1_spawn_02_01"
          },
          {
            "squad_members": "dbttl_t1_spawn_02_02"
          },
          {
            "squad_members": "dbttl_t1_spawn_02_03"
          },
          {
            "squad_members": "dbttl_t1_spawn_02_04"
          },
          {
            "squad_members": "dbttl_t1_spawn_02_05"
          },
          {
            "squad_members": "dbttl_t1_spawn_02_06"
          },
          {
            "squad_members": "dbttl_t1_spawn_02_07"
          },
          {
            "squad_members": "dbttl_t1_spawn_02_08"
          },
          {
            "squad_members": "dbttl_t1_spawn_02_09"
          },
          {
            "squad_members": "dbttl_t1_spawn_02_10"
          },
          {
            "squad_members": "dbttl_t1_spawn_02_11"
          },
          {
            "squad_members": "dbttl_t1_spawn_02_12"
          },
          {
            "squad_members": "dbttl_t1_spawn_02_13"
          },
          {
            "squad_members": "dbttl_t1_spawn_02_14"
          },
          {
            "squad_members": "dbttl_t1_spawn_02_15"
          },
          {
            "squad_members": "dbttl_t1_spawn_02_16"
          }
        ]
      }
    },
    {
      "area_squad": {
        "name": "dbttl_t2_spawn_01",
        "tm": [
          [0.876375,0.0,0.481629],
          [0.0,1.0,0.0],
          [-0.481629,0.0,0.876375],
          [1962.48,8.86382,2805.15]
        ],
        "props": [
          {
            "squad_members": "dbttl_t2_spawn_01_01"
          },
          {
            "squad_members": "dbttl_t2_spawn_01_02"
          },
          {
            "squad_members": "dbttl_t2_spawn_01_03"
          },
          {
            "squad_members": "dbttl_t2_spawn_01_04"
          },
          {
            "squad_members": "dbttl_t2_spawn_01_05"
          },
          {
            "squad_members": "dbttl_t2_spawn_01_06"
          },
          {
            "squad_members": "dbttl_t2_spawn_01_07"
          },
          {
            "squad_members": "dbttl_t2_spawn_01_08"
          },
          {
            "squad_members": "dbttl_t2_spawn_01_09"
          },
          {
            "squad_members": "dbttl_t2_spawn_01_10"
          },
          {
            "squad_members": "dbttl_t2_spawn_01_11"
          },
          {
            "squad_members": "dbttl_t2_spawn_01_12"
          },
          {
            "squad_members": "dbttl_t2_spawn_01_13"
          },
          {
            "squad_members": "dbttl_t2_spawn_01_14"
          },
          {
            "squad_members": "dbttl_t2_spawn_01_15"
          },
          {
            "squad_members": "dbttl_t2_spawn_01_16"
          }
        ]
      }
    },
    {
      "area_squad": {
        "name": "dbttl_t2_spawn_02",
        "tm": [
          [-0.569598,0.0,-0.821924],
          [0.0,1.0,0.0],
          [0.821924,0.0,-0.569598],
          [2526.36,6.24432,2540.6]
        ],
        "props": [
          {
            "squad_members": "dbttl_t2_spawn_02_01"
          },
          {
            "squad_members": "dbttl_t2_spawn_02_02"
          },
          {
            "squad_members": "dbttl_t2_spawn_02_03"
          },
          {
            "squad_members": "dbttl_t2_spawn_02_04"
          },
          {
            "squad_members": "dbttl_t2_spawn_02_05"
          },
          {
            "squad_members": "dbttl_t2_spawn_02_06"
          },
          {
            "squad_members": "dbttl_t2_spawn_02_07"
          },
          {
            "squad_members": "dbttl_t2_spawn_02_08"
          },
          {
            "squad_members": "dbttl_t2_spawn_02_09"
          },
          {
            "squad_members": "dbttl_t2_spawn_02_10"
          },
          {
            "squad_members": "dbttl_t2_spawn_02_11"
          },
          {
            "squad_members": "dbttl_t2_spawn_02_12"
          },
          {
            "squad_members": "dbttl_t2_spawn_02_13"
          },
          {
            "squad_members": "dbttl_t2_spawn_02_14"
          },
          {
            "squad_members": "dbttl_t2_spawn_02_15"
          },
          {
            "squad_members": "dbttl_t2_spawn_02_16"
          }
        ]
      }
    },
    {
      "objectGroups": {
        "name": "dbttl_t1_circle",
        "tm": [
          [1.15658,0.0,-1.10557],
          [0.0,1.0,0.0],
          [1.10557,0.0,1.15658],
          [2107.1,9.44247,1717.72]
        ],
        "unit_class": "capture_zone_circle",
        "objLayer": 2,
        "props": {
          "army": 0,
          "active": false
        }
      }
    },
    {
      "objectGroups": {
        "name": "t1_trench_01",
        "tm": [
          [-0.837561,0.0,0.546345],
          [0.0,1.0,0.0],
          [-0.546345,0.0,-0.837561],
          [2056.51,11.3611,1734.63]
        ],
        "unit_class": "det_trench_half_a_onground",
        "objLayer": 2,
        "props": {
          "army": 1,
          "active": true
        }
      }
    },
    {
      "objectGroups": {
        "name": "t1_trench_02",
        "tm": [
          [-0.996947,0.0,0.0780866],
          [0.0,1.0,0.0],
          [-0.0780866,0.0,-0.996947],
          [2099.23,11.3611,1782.81]
        ],
        "unit_class": "det_trench_half_c_onground",
        "objLayer": 2,
        "props": {
          "army": 1,
          "active": true
        }
      }
    },
    {
      "objectGroups": {
        "name": "t1_trench_03",
        "tm": [
          [-0.99411,0.0,0.10838],
          [0.0,1.0,0.0],
          [-0.10838,0.0,-0.99411],
          [2126.88,11.3611,1765.21]
        ],
        "unit_class": "det_trench_half_b_onground",
        "objLayer": 2,
        "props": {
          "army": 1,
          "active": true
        }
      }
    },
    {
      "objectGroups": {
        "name": "t1_trench_04",
        "tm": [
          [-0.780295,0.0,-0.625412],
          [0.0,1.0,0.0],
          [0.625412,0.0,-0.780295],
          [2175.78,11.7573,1790.43]
        ],
        "unit_class": "det_trench_half_a_onground",
        "objLayer": 2,
        "props": {
          "army": 1,
          "active": true
        }
      }
    },
    {
      "objectGroups": {
        "name": "t2_trench_01",
        "tm": [
          [0.986292,0.0,-0.165011],
          [0.0,1.0,0.0],
          [0.165011,0.0,0.986292],
          [2194.05,9.69125,2093.31]
        ],
        "unit_class": "det_trench_half_a_onground",
        "objLayer": 2,
        "props": {
          "army": 2,
          "active": true
        }
      }
    },
    {
      "objectGroups": {
        "name": "t2_trench_02",
        "tm": [
          [0.958084,0.0,-0.286488],
          [0.0,1.0,0.0],
          [0.286488,0.0,0.958084],
          [2112.84,9.84173,2040.4]
        ],
        "unit_class": "det_trench_half_c_onground",
        "objLayer": 2,
        "props": {
          "army": 2,
          "active": true
        }
      }
    },
    {
      "objectGroups": {
        "name": "t2_trench_03",
        "tm": [
          [0.958084,0.0,-0.286488],
          [0.0,1.0,0.0],
          [0.286488,0.0,0.958084],
          [2186.06,9.69125,2039.01]
        ],
        "unit_class": "det_trench_half_b_onground",
        "objLayer": 2,
        "props": {
          "army": 2,
          "active": true
        }
      }
    },
    {
      "objectGroups": {
        "name": "t2_trench_04",
        "tm": [
          [0.598749,0.0,-0.800937],
          [0.0,1.0,0.0],
          [0.800937,0.0,0.598749],
          [2250.2,9.69128,2070.51]
        ],
        "unit_class": "det_trench_half_a_onground",
        "objLayer": 2,
        "props": {
          "army": 2,
          "active": true
        }
      }
    },
    {
      "objectGroups": {
        "name": "t2_trench_05",
        "tm": [
          [0.598749,0.0,-0.800937],
          [0.0,1.0,0.0],
          [0.800937,0.0,0.598749],
          [2250.37,9.69128,2111.26]
        ],
        "unit_class": "det_trench_half_c_onground",
        "objLayer": 2,
        "props": {
          "army": 2,
          "active": true
        }
      }
    },
    {
      "objectGroups": {
        "name": "t2_trench_06",
        "tm": [
          [0.989453,0.0,-0.144854],
          [0.0,1.0,0.0],
          [0.144854,0.0,0.989453],
          [2187.28,9.69125,2161.98]
        ],
        "unit_class": "det_trench_half_b_onground",
        "objLayer": 2,
        "props": {
          "army": 2,
          "active": true
        }
      }
    },
    {
      "objectGroups": {
        "name": "t2_trench_07",
        "tm": [
          [0.72405,0.0,0.689747],
          [0.0,1.0,0.0],
          [-0.689747,0.0,0.72405],
          [2041.39,9.69125,2091.31]
        ],
        "unit_class": "det_trench_half_b_onground",
        "objLayer": 2,
        "props": {
          "army": 2,
          "active": true
        }
      }
    },
    {
      "objectGroups": {
        "name": "t1_trench_05",
        "tm": [
          [-0.874063,0.0,-0.485813],
          [0.0,1.0,0.0],
          [0.485813,0.0,-0.874063],
          [2249.45,11.3611,1731.32]
        ],
        "unit_class": "det_trench_half_a_onground",
        "objLayer": 2,
        "props": {
          "army": 1,
          "active": true
        }
      }
    },
    {
      "objectGroups": {
        "name": "t1_trench_06",
        "tm": [
          [-0.780295,0.0,-0.625412],
          [0.0,1.0,0.0],
          [0.625412,0.0,-0.780295],
          [2224.31,11.361,1789.59]
        ],
        "unit_class": "det_trench_half_c_onground",
        "objLayer": 2,
        "props": {
          "army": 1,
          "active": true
        }
      }
    },
    {
      "tankModels": {
        "name": "t1_antiTankGun01",
        "tm": [
          [0.623365,0.0,0.781931],
          [0.0,1.0,0.0],
          [-0.781931,0.0,0.623365],
          [2050.87,10.9373,1733.14]
        ],
        "unit_class": "aaa_dummy",
        "objLayer": 1,
        "closed_waypoints": false,
        "isShipSpline": false,
        "shipTurnRadius": 100.0,
        "weapons": "",
        "bullets0": "",
        "bullets1": "",
        "bullets2": "",
        "bullets3": "",
        "bulletsCount0": 0,
        "bulletsCount1": 0,
        "bulletsCount2": 0,
        "bulletsCount3": 0,
        "props": {
          "army": 1,
          "count": 1,
          "formation_type": "rows",
          "formation_div": 3,
          "formation_step": [2.5,2.0],
          "formation_noise": [0.1,0.1],
          "uniqueName": "",
          "attack_type": "fire_at_will",
          "unitReplacementType": "antiTankGun"
        },
        "way": []
      }
    },
    {
      "tankModels": {
        "name": "t1_antiTankGun02",
        "tm": [
          [0.293538,0.0,0.955948],
          [0.0,1.0,0.0],
          [-0.955948,0.0,0.293538],
          [2058.47,10.9373,1728.44]
        ],
        "unit_class": "aaa_dummy",
        "objLayer": 1,
        "closed_waypoints": false,
        "isShipSpline": false,
        "shipTurnRadius": 100.0,
        "weapons": "",
        "bullets0": "",
        "bullets1": "",
        "bullets2": "",
        "bullets3": "",
        "bulletsCount0": 0,
        "bulletsCount1": 0,
        "bulletsCount2": 0,
        "bulletsCount3": 0,
        "props": {
          "army": 1,
          "count": 1,
          "formation_type": "rows",
          "formation_div": 3,
          "formation_step": [2.5,2.0],
          "formation_noise": [0.1,0.1],
          "uniqueName": "",
          "attack_type": "fire_at_will",
          "unitReplacementType": "antiTankGun"
        },
        "way": []
      }
    },
    {
      "tankModels": {
        "name": "t1_antiTankGun03",
        "tm": [
          [0.293538,0.0,0.955948],
          [0.0,1.0,0.0],
          [-0.955948,0.0,0.293538],
          [2093.57,10.9373,1778.99]
        ],
        "unit_class": "aaa_dummy",
        "objLayer": 1,
        "closed_waypoints": false,
        "isShipSpline": false,
        "shipTurnRadius": 100.0,
        "weapons": "",
        "bullets0": "",
        "bullets1": "",
        "bullets2": "",
        "bullets3": "",
        "bulletsCount0": 0,
        "bulletsCount1": 0,
        "bulletsCount2": 0,
        "bulletsCount3": 0,
        "props": {
          "army": 1,
          "count": 1,
          "formation_type": "rows",
          "formation_div": 3,
          "formation_step": [2.5,2.0],
          "formation_noise": [0.1,0.1],
          "uniqueName": "",
          "attack_type": "fire_at_will",
          "unitReplacementType": "antiTankGun"
        },
        "way": []
      }
    },
    {
      "tankModels": {
        "name": "t1_antiTankGun04",
        "tm": [
          [-0.144996,-0.0484233,0.988247],
          [-0.0217575,0.998716,0.045744],
          [-0.989193,-0.0148691,-0.145863],
          [2103.05,10.9373,1778.81]
        ],
        "unit_class": "aaa_dummy",
        "objLayer": 1,
        "closed_waypoints": false,
        "isShipSpline": false,
        "shipTurnRadius": 100.0,
        "weapons": "",
        "bullets0": "",
        "bullets1": "",
        "bullets2": "",
        "bullets3": "",
        "bulletsCount0": 0,
        "bulletsCount1": 0,
        "bulletsCount2": 0,
        "bulletsCount3": 0,
        "props": {
          "army": 1,
          "count": 1,
          "formation_type": "rows",
          "formation_div": 3,
          "formation_step": [2.5,2.0],
          "formation_noise": [0.1,0.1],
          "uniqueName": "",
          "attack_type": "fire_at_will",
          "unitReplacementType": "antiTankGun"
        },
        "way": []
      }
    },
    {
      "objectGroups": {
        "name": "t1_trench_07",
        "tm": [
          [-0.99411,0.0,0.10838],
          [0.0,1.0,0.0],
          [-0.10838,0.0,-0.99411],
          [2147.89,11.3611,1763.96]
        ],
        "unit_class": "det_trench_half_b_onground",
        "objLayer": 2,
        "props": {
          "army": 1,
          "active": true
        }
      }
    },
    {
      "tankModels": {
        "name": "t1_antiTankGun05",
        "tm": [
          [0.200798,-0.0484233,0.978435],
          [-0.004849,0.998716,0.0504221],
          [-0.979621,-0.0148691,0.200305],
          [2122.8,10.9373,1760.03]
        ],
        "unit_class": "aaa_dummy",
        "objLayer": 1,
        "closed_waypoints": false,
        "isShipSpline": false,
        "shipTurnRadius": 100.0,
        "weapons": "",
        "bullets0": "",
        "bullets1": "",
        "bullets2": "",
        "bullets3": "",
        "bulletsCount0": 0,
        "bulletsCount1": 0,
        "bulletsCount2": 0,
        "bulletsCount3": 0,
        "props": {
          "army": 1,
          "count": 1,
          "formation_type": "rows",
          "formation_div": 3,
          "formation_step": [2.5,2.0],
          "formation_noise": [0.1,0.1],
          "uniqueName": "",
          "attack_type": "fire_at_will",
          "unitReplacementType": "antiTankGun"
        },
        "way": []
      }
    },
    {
      "tankModels": {
        "name": "t1_antiTankGun06",
        "tm": [
          [-0.352919,-0.0484233,0.9344],
          [-0.031034,0.998716,0.0400349],
          [-0.935139,-0.0148691,-0.353969],
          [2130.64,10.9373,1759.16]
        ],
        "unit_class": "aaa_dummy",
        "objLayer": 1,
        "closed_waypoints": false,
        "isShipSpline": false,
        "shipTurnRadius": 100.0,
        "weapons": "",
        "bullets0": "",
        "bullets1": "",
        "bullets2": "",
        "bullets3": "",
        "bulletsCount0": 0,
        "bulletsCount1": 0,
        "bulletsCount2": 0,
        "bulletsCount3": 0,
        "props": {
          "army": 1,
          "count": 1,
          "formation_type": "rows",
          "formation_div": 3,
          "formation_step": [2.5,2.0],
          "formation_noise": [0.1,0.1],
          "uniqueName": "",
          "attack_type": "fire_at_will",
          "unitReplacementType": "antiTankGun"
        },
        "way": []
      }
    },
    {
      "tankModels": {
        "name": "t1_antiTankGun07",
        "tm": [
          [0.285097,-0.0484233,0.957275],
          [-0.000447213,0.998716,0.0506527],
          [-0.958498,-0.0148691,0.284709],
          [2143.97,10.9373,1759.68]
        ],
        "unit_class": "aaa_dummy",
        "objLayer": 1,
        "closed_waypoints": false,
        "isShipSpline": false,
        "shipTurnRadius": 100.0,
        "weapons": "",
        "bullets0": "",
        "bullets1": "",
        "bullets2": "",
        "bullets3": "",
        "bulletsCount0": 0,
        "bulletsCount1": 0,
        "bulletsCount2": 0,
        "bulletsCount3": 0,
        "props": {
          "army": 1,
          "count": 1,
          "formation_type": "rows",
          "formation_div": 3,
          "formation_step": [2.5,2.0],
          "formation_noise": [0.1,0.1],
          "uniqueName": "",
          "attack_type": "fire_at_will",
          "unitReplacementType": "antiTankGun"
        },
        "way": []
      }
    },
    {
      "tankModels": {
        "name": "t1_antiTankGun08",
        "tm": [
          [-0.331008,-0.0484233,0.942385],
          [-0.0300909,0.998716,0.0407485],
          [-0.943148,-0.0148691,-0.332041],
          [2174.03,11.3335,1783.73]
        ],
        "unit_class": "aaa_dummy",
        "objLayer": 1,
        "closed_waypoints": false,
        "isShipSpline": false,
        "shipTurnRadius": 100.0,
        "weapons": "",
        "bullets0": "",
        "bullets1": "",
        "bullets2": "",
        "bullets3": "",
        "bulletsCount0": 0,
        "bulletsCount1": 0,
        "bulletsCount2": 0,
        "bulletsCount3": 0,
        "props": {
          "army": 1,
          "count": 1,
          "formation_type": "rows",
          "formation_div": 3,
          "formation_step": [2.5,2.0],
          "formation_noise": [0.1,0.1],
          "uniqueName": "",
          "attack_type": "fire_at_will",
          "unitReplacementType": "antiTankGun"
        },
        "way": []
      }
    },
    {
      "tankModels": {
        "name": "t1_antiTankGun09",
        "tm": [
          [-0.833729,-0.0484233,0.550047],
          [-0.0486127,0.998716,0.0142374],
          [-0.550029,-0.0148691,-0.835013],
          [2183.88,11.3335,1790.79]
        ],
        "unit_class": "aaa_dummy",
        "objLayer": 1,
        "closed_waypoints": false,
        "isShipSpline": false,
        "shipTurnRadius": 100.0,
        "weapons": "",
        "bullets0": "",
        "bullets1": "",
        "bullets2": "",
        "bullets3": "",
        "bulletsCount0": 0,
        "bulletsCount1": 0,
        "bulletsCount2": 0,
        "bulletsCount3": 0,
        "props": {
          "army": 1,
          "count": 1,
          "formation_type": "rows",
          "formation_div": 3,
          "formation_step": [2.5,2.0],
          "formation_noise": [0.1,0.1],
          "uniqueName": "",
          "attack_type": "fire_at_will",
          "unitReplacementType": "antiTankGun"
        },
        "way": []
      }
    },
    {
      "tankModels": {
        "name": "t1_antiTankGun10",
        "tm": [
          [-0.331008,-0.0484233,0.942385],
          [-0.0300909,0.998716,0.0407485],
          [-0.943148,-0.0148691,-0.332041],
          [2222.52,11.3335,1783.01]
        ],
        "unit_class": "aaa_dummy",
        "objLayer": 1,
        "closed_waypoints": false,
        "isShipSpline": false,
        "shipTurnRadius": 100.0,
        "weapons": "",
        "bullets0": "",
        "bullets1": "",
        "bullets2": "",
        "bullets3": "",
        "bulletsCount0": 0,
        "bulletsCount1": 0,
        "bulletsCount2": 0,
        "bulletsCount3": 0,
        "props": {
          "army": 1,
          "count": 1,
          "formation_type": "rows",
          "formation_div": 3,
          "formation_step": [2.5,2.0],
          "formation_noise": [0.1,0.1],
          "uniqueName": "",
          "attack_type": "fire_at_will",
          "unitReplacementType": "antiTankGun"
        },
        "way": []
      }
    },
    {
      "tankModels": {
        "name": "t1_antiTankGun11",
        "tm": [
          [-0.897279,-0.0484233,0.4388],
          [-0.0500353,0.998716,0.00789761],
          [-0.438619,-0.0148691,-0.898551],
          [2230.17,11.3335,1789.94]
        ],
        "unit_class": "aaa_dummy",
        "objLayer": 1,
        "closed_waypoints": false,
        "isShipSpline": false,
        "shipTurnRadius": 100.0,
        "weapons": "",
        "bullets0": "",
        "bullets1": "",
        "bullets2": "",
        "bullets3": "",
        "bulletsCount0": 0,
        "bulletsCount1": 0,
        "bulletsCount2": 0,
        "bulletsCount3": 0,
        "props": {
          "army": 1,
          "count": 1,
          "formation_type": "rows",
          "formation_div": 3,
          "formation_step": [2.5,2.0],
          "formation_noise": [0.1,0.1],
          "uniqueName": "",
          "attack_type": "fire_at_will",
          "unitReplacementType": "antiTankGun"
        },
        "way": []
      }
    },
    {
      "tankModels": {
        "name": "t1_antiTankGun12",
        "tm": [
          [-0.854916,-0.0484233,0.516503],
          [-0.0491398,0.998716,0.0122956],
          [-0.516434,-0.0148691,-0.856198],
          [2255.51,11.3335,1729.81]
        ],
        "unit_class": "aaa_dummy",
        "objLayer": 1,
        "closed_waypoints": false,
        "isShipSpline": false,
        "shipTurnRadius": 100.0,
        "weapons": "",
        "bullets0": "",
        "bullets1": "",
        "bullets2": "",
        "bullets3": "",
        "bulletsCount0": 0,
        "bulletsCount1": 0,
        "bulletsCount2": 0,
        "bulletsCount3": 0,
        "props": {
          "army": 1,
          "count": 1,
          "formation_type": "rows",
          "formation_div": 3,
          "formation_step": [2.5,2.0],
          "formation_noise": [0.1,0.1],
          "uniqueName": "",
          "attack_type": "fire_at_will",
          "unitReplacementType": "antiTankGun"
        },
        "way": []
      }
    },
    {
      "tankModels": {
        "name": "t1_antiTankGun13",
        "tm": [
          [-0.412381,-0.0484233,0.909724],
          [-0.0335487,0.998716,0.0379525],
          [-0.910393,-0.0148691,-0.413477],
          [2247.31,11.3335,1724.07]
        ],
        "unit_class": "aaa_dummy",
        "objLayer": 1,
        "closed_waypoints": false,
        "isShipSpline": false,
        "shipTurnRadius": 100.0,
        "weapons": "",
        "bullets0": "",
        "bullets1": "",
        "bullets2": "",
        "bullets3": "",
        "bulletsCount0": 0,
        "bulletsCount1": 0,
        "bulletsCount2": 0,
        "bulletsCount3": 0,
        "props": {
          "army": 1,
          "count": 1,
          "formation_type": "rows",
          "formation_div": 3,
          "formation_step": [2.5,2.0],
          "formation_noise": [0.1,0.1],
          "uniqueName": "",
          "attack_type": "fire_at_will",
          "unitReplacementType": "antiTankGun"
        },
        "way": []
      }
    },
    {
      "tankModels": {
        "name": "t2_antiTankGun01",
        "tm": [
          [-0.822309,0.0,-0.569041],
          [0.0,1.0,0.0],
          [0.569041,0.0,-0.822309],
          [2118.74,11.0878,2042.71]
        ],
        "unit_class": "aaa_dummy",
        "objLayer": 1,
        "closed_waypoints": false,
        "isShipSpline": false,
        "shipTurnRadius": 100.0,
        "weapons": "",
        "bullets0": "",
        "bullets1": "",
        "bullets2": "",
        "bullets3": "",
        "bulletsCount0": 0,
        "bulletsCount1": 0,
        "bulletsCount2": 0,
        "bulletsCount3": 0,
        "props": {
          "army": 2,
          "count": 1,
          "formation_type": "rows",
          "formation_div": 3,
          "formation_step": [2.5,2.0],
          "formation_noise": [0.1,0.1],
          "uniqueName": "",
          "attack_type": "fire_at_will",
          "unitReplacementType": "antiTankGun"
        },
        "way": []
      }
    },
    {
      "tankModels": {
        "name": "t2_antiTankGun02",
        "tm": [
          [0.39024,0.0,-0.920713],
          [0.0,1.0,0.0],
          [0.920713,0.0,0.39024],
          [2109.72,11.0878,2044.92]
        ],
        "unit_class": "aaa_dummy",
        "objLayer": 1,
        "closed_waypoints": false,
        "isShipSpline": false,
        "shipTurnRadius": 100.0,
        "weapons": "",
        "bullets0": "",
        "bullets1": "",
        "bullets2": "",
        "bullets3": "",
        "bulletsCount0": 0,
        "bulletsCount1": 0,
        "bulletsCount2": 0,
        "bulletsCount3": 0,
        "props": {
          "army": 2,
          "count": 1,
          "formation_type": "rows",
          "formation_div": 3,
          "formation_step": [2.5,2.0],
          "formation_noise": [0.1,0.1],
          "uniqueName": "",
          "attack_type": "fire_at_will",
          "unitReplacementType": "antiTankGun"
        },
        "way": []
      }
    },
    {
      "tankModels": {
        "name": "t2_antiTankGun03",
        "tm": [
          [-0.822309,0.0,-0.569041],
          [0.0,1.0,0.0],
          [0.569041,0.0,-0.822309],
          [2189.7,11.0878,2042.61]
        ],
        "unit_class": "aaa_dummy",
        "objLayer": 1,
        "closed_waypoints": false,
        "isShipSpline": false,
        "shipTurnRadius": 100.0,
        "weapons": "",
        "bullets0": "",
        "bullets1": "",
        "bullets2": "",
        "bullets3": "",
        "bulletsCount0": 0,
        "bulletsCount1": 0,
        "bulletsCount2": 0,
        "bulletsCount3": 0,
        "props": {
          "army": 2,
          "count": 1,
          "formation_type": "rows",
          "formation_div": 3,
          "formation_step": [2.5,2.0],
          "formation_noise": [0.1,0.1],
          "uniqueName": "",
          "attack_type": "fire_at_will",
          "unitReplacementType": "antiTankGun"
        },
        "way": []
      }
    },
    {
      "tankModels": {
        "name": "t2_antiTankGun04",
        "tm": [
          [0.26422,0.0,-0.964463],
          [0.0,1.0,0.0],
          [0.964463,0.0,0.26422],
          [2182.83,11.0878,2044.78]
        ],
        "unit_class": "aaa_dummy",
        "objLayer": 1,
        "closed_waypoints": false,
        "isShipSpline": false,
        "shipTurnRadius": 100.0,
        "weapons": "",
        "bullets0": "",
        "bullets1": "",
        "bullets2": "",
        "bullets3": "",
        "bulletsCount0": 0,
        "bulletsCount1": 0,
        "bulletsCount2": 0,
        "bulletsCount3": 0,
        "props": {
          "army": 2,
          "count": 1,
          "formation_type": "rows",
          "formation_div": 3,
          "formation_step": [2.5,2.0],
          "formation_noise": [0.1,0.1],
          "uniqueName": "",
          "attack_type": "fire_at_will",
          "unitReplacementType": "antiTankGun"
        },
        "way": []
      }
    },
    {
      "tankModels": {
        "name": "t2_antiTankGun05",
        "tm": [
          [-0.822309,0.0,-0.569041],
          [0.0,1.0,0.0],
          [0.569041,0.0,-0.822309],
          [2255.85,11.0878,2069.38]
        ],
        "unit_class": "aaa_dummy",
        "objLayer": 1,
        "closed_waypoints": false,
        "isShipSpline": false,
        "shipTurnRadius": 100.0,
        "weapons": "",
        "bullets0": "",
        "bullets1": "",
        "bullets2": "",
        "bullets3": "",
        "bulletsCount0": 0,
        "bulletsCount1": 0,
        "bulletsCount2": 0,
        "bulletsCount3": 0,
        "props": {
          "army": 2,
          "count": 1,
          "formation_type": "rows",
          "formation_div": 3,
          "formation_step": [2.5,2.0],
          "formation_noise": [0.1,0.1],
          "uniqueName": "",
          "attack_type": "fire_at_will",
          "unitReplacementType": "antiTankGun"
        },
        "way": []
      }
    },
    {
      "tankModels": {
        "name": "t2_antiTankGun06",
        "tm": [
          [-0.822309,0.0,-0.569041],
          [0.0,1.0,0.0],
          [0.569041,0.0,-0.822309],
          [2249.85,11.0878,2076.47]
        ],
        "unit_class": "aaa_dummy",
        "objLayer": 1,
        "closed_waypoints": false,
        "isShipSpline": false,
        "shipTurnRadius": 100.0,
        "weapons": "",
        "bullets0": "",
        "bullets1": "",
        "bullets2": "",
        "bullets3": "",
        "bulletsCount0": 0,
        "bulletsCount1": 0,
        "bulletsCount2": 0,
        "bulletsCount3": 0,
        "props": {
          "army": 2,
          "count": 1,
          "formation_type": "rows",
          "formation_div": 3,
          "formation_step": [2.5,2.0],
          "formation_noise": [0.1,0.1],
          "uniqueName": "",
          "attack_type": "fire_at_will",
          "unitReplacementType": "antiTankGun"
        },
        "way": []
      }
    },
    {
      "tankModels": {
        "name": "t2_antiTankGun07",
        "tm": [
          [-0.822309,0.0,-0.569041],
          [0.0,1.0,0.0],
          [0.569041,0.0,-0.822309],
          [2255.46,11.0878,2110.6]
        ],
        "unit_class": "aaa_dummy",
        "objLayer": 1,
        "closed_waypoints": false,
        "isShipSpline": false,
        "shipTurnRadius": 100.0,
        "weapons": "",
        "bullets0": "",
        "bullets1": "",
        "bullets2": "",
        "bullets3": "",
        "bulletsCount0": 0,
        "bulletsCount1": 0,
        "bulletsCount2": 0,
        "bulletsCount3": 0,
        "props": {
          "army": 2,
          "count": 1,
          "formation_type": "rows",
          "formation_div": 3,
          "formation_step": [2.5,2.0],
          "formation_noise": [0.1,0.1],
          "uniqueName": "",
          "attack_type": "fire_at_will",
          "unitReplacementType": "antiTankGun"
        },
        "way": []
      }
    },
    {
      "tankModels": {
        "name": "t2_antiTankGun08",
        "tm": [
          [-0.822309,0.0,-0.569041],
          [0.0,1.0,0.0],
          [0.569041,0.0,-0.822309],
          [2250.19,11.0878,2117.07]
        ],
        "unit_class": "aaa_dummy",
        "objLayer": 1,
        "closed_waypoints": false,
        "isShipSpline": false,
        "shipTurnRadius": 100.0,
        "weapons": "",
        "bullets0": "",
        "bullets1": "",
        "bullets2": "",
        "bullets3": "",
        "bulletsCount0": 0,
        "bulletsCount1": 0,
        "bulletsCount2": 0,
        "bulletsCount3": 0,
        "props": {
          "army": 2,
          "count": 1,
          "formation_type": "rows",
          "formation_div": 3,
          "formation_step": [2.5,2.0],
          "formation_noise": [0.1,0.1],
          "uniqueName": "",
          "attack_type": "fire_at_will",
          "unitReplacementType": "antiTankGun"
        },
        "way": []
      }
    },
    {
      "tankModels": {
