{
  "selected_tag": "",
  "bin_dump_file": "",
  "mission_settings": {
    "atmosphere": {
      "pressure": 760.0,
      "temperature": 30.0
    },
    "player": [
      {
        "army": 1
      },
      {
        "wing": "t1_player01"
      },
      {
        "wing": "t1_player02"
      },
      {
        "wing": "t1_player03"
      },
      {
        "wing": "t1_player04"
      },
      {
        "wing": "t1_player05"
      },
      {
        "wing": "t1_player06"
      },
      {
        "wing": "t1_player07"
      },
      {
        "wing": "t1_player08"
      },
      {
        "wing": "t1_player09"
      },
      {
        "wing": "t1_player10"
      },
      {
        "wing": "t1_player11"
      },
      {
        "wing": "t1_player12"
      },
      {
        "wing": "t1_player13"
      },
      {
        "wing": "t1_player14"
      },
      {
        "wing": "t1_player15"
      },
      {
        "wing": "t1_player16"
      }
    ],
    "player_teamB": [
      {
        "army": 2
      },
      {
        "wing": "t2_player01"
      },
      {
        "wing": "t2_player02"
      },
      {
        "wing": "t2_player03"
      },
      {
        "wing": "t2_player04"
      },
      {
        "wing": "t2_player05"
      },
      {
        "wing": "t2_player06"
      },
      {
        "wing": "t2_player07"
      },
      {
        "wing": "t2_player08"
      },
      {
        "wing": "t2_player09"
      },
      {
        "wing": "t2_player10"
      },
      {
        "wing": "t2_player11"
      },
      {
        "wing": "t2_player12"
      },
      {
        "wing": "t2_player13"
      },
      {
        "wing": "t2_player14"
      },
      {
        "wing": "t2_player15"
      },
      {
        "wing": "t2_player16"
      },
      {
        "wing": "t2_player17"
      }
    ],
    "mission": {
      "name": "guadalcanal_Bttl",
      "level": "levels/avg_kursk.bin",
      "type": "domination",
      "restoreType": "attempts",
      "optionalTakeOff": false,
      "campaign": "pacific",
      "environment": "Day",
      "weather": "hazy",
      "missionDebriefing": "",
      "missionBriefing": "",
      "chapter": "air_ground_battles",
      "scoreLimit": 6400,
      "timeLimit": 25,
      "deathPenaltyMul": 1.0,
      "randomSpawnTeams": true,
      "remapAiTankModels": true,
      "country_axis": "germany",
      "country_allies": "ussr",
      "tags": [],
      "missionType": {
        "_Dom": false,
        "_Conq": false,
        "_Bttl": false,
        "_Bto": false,
        "_race_straight": false,
        "_race_inverted": false,
        "_Flc": false,
        "_v1_race_straight": false,
        "_v1_race_inverted": false,
        "_v2_race_straight": false,
        "_v2_race_inverted": false,
        "_Conq1": false,
        "_Conq2": false,
        "_Conq3": false,
        "_Conq4": false,
        "_Conq5": false,
        "_Conq6": false,
        "_DBttlA": false,
        "_DBttlB": false,
        "_CnvA": false,
        "_CnvB": false,
        "_ArtDA": false,
        "_ArtDB": false
      }
    },
    "cover_points": [],
    "aiParams": {
      "aiEffectivenessViscosity": 90.0,
      "effectivenessDistances": [2500.0,7000.0]
    },
    "spectator_points": [],
    "briefing": {
      "place_loc": "",
      "date_loc": "",
      "objective_loc": "",
      "music": "action_01",
      "part": {
        "event": "",
        "minTime": 0,
        "slide": [
          {
            "map": true
          },
          {
            "minTime": 4
          },
          {
            "picture": ""
          },
          {
            "showAirMap": false
          },
          {
            "icon": {
              "icontype": "tank",
              "side": "ally",
              "target": "t2_tank_spawn_01"
            }
          },
          {
            "icon": {
              "icontype": "tank",
              "side": "ally",
              "target": "t2_tank_spawn_02"
            }
          },
          {
            "icon": {
              "icontype": "tank",
              "side": "enemy",
              "target": "t1_tank_spawn_01"
            }
          },
          {
            "icon": {
              "icontype": "tank",
              "side": "enemy",
              "target": "t1_tank_spawn_02"
            }
          },
          {
            "captureZone": {
              "area": "capture_area_01",
              "side": "ally",
              "type": "ground"
            }
          },
          {
            "captureZone": {
              "area": "capture_area_02",
              "side": "enemy",
              "type": "ground"
            }
          }
        ]
      }
    }
  },
  "imports": [],
  "triggers": {
    "isCategory": true,
    "is_enabled": true
  },
  "mission_objectives": {
    "isCategory": true,
    "is_enabled": true
  },
  "variables": [],
  "dialogs": [],
  "airfields": [],
  "effects": [],
  "units": [
    {
      "tankModels": {
        "name": "t1_player01",
        "tm": [
          [0.855009,0.0,-0.518613],
          [0.0,1.0,0.0],
          [0.518613,0.0,0.855009],
          [3152.79,6.48512,3234.77]
        ],
        "unit_class": "aaa_dummy",
        "objLayer": 1,
        "closed_waypoints": false,
        "isShipSpline": false,
        "shipTurnRadius": 100.0,
        "weapons": "",
        "bullets0": "",
        "bullets1": "",
        "bullets2": "",
        "bullets3": "",
        "bulletsCount0": 0,
        "bulletsCount1": 0,
        "bulletsCount2": 0,
        "bulletsCount3": 0,
        "props": {
          "army": 1,
          "count": 1,
          "formation_type": "rows",
          "formation_div": 3,
          "formation_step": [2.5,2.0],
          "formation_noise": [0.1,0.1],
          "uniqueName": "",
          "attack_type": "fire_at_will"
        },
        "way": []
      }
    },
    {
      "objectGroups": {
        "name": "t1_trench01",
        "tm": [
          [0.997981,0.0,0.063526],
          [0.0,1.0,0.0],
          [-0.063526,0.0,0.997981],
          [3222.31,7.66056,3316.95]
        ],
        "unit_class": "det_trench_half_a_onground",
        "objLayer": 2,
        "props": {
          "army": 1,
          "active": true
        }
      }
    },
    {
      "objectGroups": {
        "name": "t1_trench02",
        "tm": [
          [0.969265,0.0,0.246018],
          [0.0,1.0,0.0],
          [-0.246018,0.0,0.969265],
          [3188.13,8.73096,3313.57]
        ],
        "unit_class": "det_trench_half_a_onground",
        "objLayer": 2,
        "props": {
          "army": 1,
          "active": true
        }
      }
    },
    {
      "objectGroups": {
        "name": "t1_trench03",
        "tm": [
          [0.938531,0.0,-0.345195],
          [0.0,1.0,0.0],
          [0.345195,0.0,0.938531],
          [3166.58,8.10494,3314.3]
        ],
        "unit_class": "det_trench_half_c_onground",
        "objLayer": 2,
        "props": {
          "army": 1,
          "active": true
        }
      }
    },
    {
      "objectGroups": {
        "name": "t1_trench04",
        "tm": [
          [0.994368,0.0,0.105982],
          [0.0,1.0,0.0],
          [-0.105982,0.0,0.994368],
          [3131.6,6.71396,3304.5]
        ],
        "unit_class": "det_trench_system_d_onground",
        "objLayer": 2,
        "props": {
          "army": 1,
          "active": true
        }
      }
    },
    {
      "objectGroups": {
        "name": "t1_trench05",
        "tm": [
          [0.990625,0.0,-0.136605],
          [0.0,1.0,0.0],
          [0.136605,0.0,0.990625],
          [3106.63,6.18228,3299.53]
        ],
        "unit_class": "det_trench_system_e_onground",
        "objLayer": 2,
        "props": {
          "army": 1,
          "active": true
        }
      }
    },
    {
      "objectGroups": {
        "name": "t1_trench06",
        "tm": [
          [0.958274,0.0,0.285848],
          [0.0,1.0,0.0],
          [-0.285848,0.0,0.958274],
          [3084.14,6.06725,3298.22]
        ],
        "unit_class": "det_trench_system_c_onground",
        "objLayer": 2,
        "props": {
          "army": 1,
          "active": true
        }
      }
    },
    {
      "objectGroups": {
        "name": "t1_trench07",
        "tm": [
          [0.987338,0.0,-0.158632],
          [0.0,1.0,0.0],
          [0.158632,0.0,0.987338],
          [3062.59,7.08147,3294.24]
        ],
        "unit_class": "det_trench_half_c_onground",
        "objLayer": 2,
        "props": {
          "army": 1,
          "active": true
        }
      }
    },
    {
      "objectGroups": {
        "name": "t1_trench08",
        "tm": [
          [0.724168,0.0,-0.689624],
          [0.0,1.0,0.0],
          [0.689624,0.0,0.724168],
          [3044.08,6.97205,3308.4]
        ],
        "unit_class": "det_trench_system_a_onground",
        "objLayer": 2,
        "props": {
          "army": 1,
          "active": true
        }
      }
    },
    {
      "objectGroups": {
        "name": "t1_trench09",
        "tm": [
          [0.668098,0.0,-0.744073],
          [0.0,1.0,0.0],
          [0.744073,0.0,0.668098],
          [3018.0,8.18552,3329.78]
        ],
        "unit_class": "det_trench_half_b_onground",
        "objLayer": 2,
        "props": {
          "army": 1,
          "active": true
        }
      }
    },
    {
      "objectGroups": {
        "name": "t1_trench10",
        "tm": [
          [0.791769,0.0,-0.610821],
          [0.0,1.0,0.0],
          [0.610821,0.0,0.791769],
          [3006.18,7.46603,3342.94]
        ],
        "unit_class": "det_trench_half_a_onground",
        "objLayer": 2,
        "props": {
          "army": 1,
          "active": true
        }
      }
    },
    {
      "objectGroups": {
        "name": "t1_trench11",
        "tm": [
          [0.963229,0.0,-0.268681],
          [0.0,1.0,0.0],
          [0.268681,0.0,0.963229],
          [2982.85,6.7973,3359.71]
        ],
        "unit_class": "det_trench_system_e_onground",
        "objLayer": 2,
        "props": {
          "army": 1,
          "active": true
        }
      }
    },
    {
      "objectGroups": {
        "name": "t1_trench12",
        "tm": [
          [0.963229,0.0,-0.268681],
          [0.0,1.0,0.0],
          [0.268681,0.0,0.963229],
          [2958.31,7.24605,3361.68]
        ],
        "unit_class": "det_trench_system_d_onground",
        "objLayer": 2,
        "props": {
          "army": 1,
          "active": true
        }
      }
    },
    {
      "objectGroups": {
        "name": "t1_trench13",
        "tm": [
          [0.996093,0.0,-0.0883184],
          [0.0,1.0,0.0],
          [0.0883184,0.0,0.996093],
          [2936.99,8.14143,3361.15]
        ],
        "unit_class": "det_trench_half_c_onground",
        "objLayer": 2,
        "props": {
          "army": 1,
          "active": true
        }
      }
    },
    {
      "tankModels": {
        "name": "t1_antiTankGun01",
        "tm": [
          [0.489558,0.0,0.871969],
          [0.0,1.0,0.0],
          [-0.871969,0.0,0.489558],
          [3224.97,7.03107,3323.94]
        ],
        "unit_class": "germ_sdkfz_9_flak37",
        "objLayer": 1,
        "closed_waypoints": false,
        "isShipSpline": false,
        "shipTurnRadius": 100.0,
        "weapons": "",
        "bullets0": "",
        "bullets1": "",
        "bullets2": "",
        "bullets3": "",
        "bulletsCount0": 0,
        "bulletsCount1": 0,
        "bulletsCount2": 0,
        "bulletsCount3": 0,
        "props": {
          "army": 1,
          "count": 1,
          "formation_type": "rows",
          "formation_div": 3,
          "formation_step": [2.5,2.0],
          "formation_noise": [0.1,0.1],
          "uniqueName": "",
          "attack_type": "fire_at_will",
          "unitReplacementType": "antiTankGun"
        },
        "way": []
      }
    },
    {
      "tankModels": {
        "name": "t1_antiTankGun02",
        "tm": [
          [-0.423236,0.0,0.906018],
          [0.0,1.0,0.0],
          [-0.906018,0.0,-0.423236],
          [3217.24,7.55179,3323.34]
        ],
        "unit_class": "germ_sdkfz_9_flak37",
        "objLayer": 1,
        "closed_waypoints": false,
        "isShipSpline": false,
        "shipTurnRadius": 100.0,
        "weapons": "",
        "bullets0": "",
        "bullets1": "",
        "bullets2": "",
        "bullets3": "",
        "bulletsCount0": 0,
        "bulletsCount1": 0,
        "bulletsCount2": 0,
        "bulletsCount3": 0,
        "props": {
          "army": 1,
          "count": 1,
          "formation_type": "rows",
          "formation_div": 3,
          "formation_step": [2.5,2.0],
          "formation_noise": [0.1,0.1],
          "uniqueName": "",
          "attack_type": "fire_at_will",
          "unitReplacementType": "antiTankGun"
        },
        "way": []
      }
    },
    {
      "tankModels": {
        "name": "t1_antiTankGun03",
        "tm": [
          [0.834439,0.0,0.551098],
          [0.0,1.0,0.0],
          [-0.551098,0.0,0.834439],
          [3185.96,8.78934,3317.15]
        ],
        "unit_class": "germ_sdkfz_9_flak37",
        "objLayer": 1,
        "closed_waypoints": false,
        "isShipSpline": false,
        "shipTurnRadius": 100.0,
        "weapons": "",
        "bullets0": "",
        "bullets1": "",
        "bullets2": "",
        "bullets3": "",
        "bulletsCount0": 0,
        "bulletsCount1": 0,
        "bulletsCount2": 0,
        "bulletsCount3": 0,
        "props": {
          "army": 1,
          "count": 1,
          "formation_type": "rows",
          "formation_div": 3,
          "formation_step": [2.5,2.0],
          "formation_noise": [0.1,0.1],
          "uniqueName": "",
          "attack_type": "fire_at_will",
          "unitReplacementType": "antiTankGun"
        },
        "way": []
      }
    },
    {
      "tankModels": {
        "name": "t1_antiTankGun04",
        "tm": [
          [-0.845109,0.0,0.534593],
          [0.0,1.0,0.0],
          [-0.534593,0.0,-0.845109],
          [3168.0,8.20985,3318.42]
        ],
        "unit_class": "germ_sdkfz_9_flak37",
        "objLayer": 1,
        "closed_waypoints": false,
        "isShipSpline": false,
        "shipTurnRadius": 100.0,
        "weapons": "",
        "bullets0": "",
        "bullets1": "",
        "bullets2": "",
        "bullets3": "",
        "bulletsCount0": 0,
        "bulletsCount1": 0,
        "bulletsCount2": 0,
        "bulletsCount3": 0,
        "props": {
          "army": 1,
          "count": 1,
          "formation_type": "rows",
          "formation_div": 3,
          "formation_step": [2.5,2.0],
          "formation_noise": [0.1,0.1],
          "uniqueName": "",
          "attack_type": "fire_at_will",
          "unitReplacementType": "antiTankGun"
        },
        "way": []
      }
    },
    {
      "tankModels": {
        "name": "t1_antiTankGun05",
        "tm": [
          [0.849294,0.0,0.52792],
          [0.0,1.0,0.0],
          [-0.52792,0.0,0.849294],
          [3137.03,6.78517,3316.68]
        ],
        "unit_class": "germ_sdkfz_9_flak37",
        "objLayer": 1,
        "closed_waypoints": false,
        "isShipSpline": false,
        "shipTurnRadius": 100.0,
        "weapons": "",
        "bullets0": "",
        "bullets1": "",
        "bullets2": "",
        "bullets3": "",
        "bulletsCount0": 0,
        "bulletsCount1": 0,
        "bulletsCount2": 0,
        "bulletsCount3": 0,
        "props": {
          "army": 1,
          "count": 1,
          "formation_type": "rows",
          "formation_div": 3,
          "formation_step": [2.5,2.0],
          "formation_noise": [0.1,0.1],
          "uniqueName": "",
          "attack_type": "fire_at_will",
          "unitReplacementType": "antiTankGun"
        },
        "way": []
      }
    },
    {
      "tankModels": {
        "name": "t1_antiTankGun06",
        "tm": [
          [-0.999879,0.0,0.015505],
          [0.0,1.0,0.0],
          [-0.015505,0.0,-0.999879],
          [3127.49,6.5575,3311.09]
        ],
        "unit_class": "germ_sdkfz_9_flak37",
        "objLayer": 1,
        "closed_waypoints": false,
        "isShipSpline": false,
        "shipTurnRadius": 100.0,
        "weapons": "",
        "bullets0": "",
        "bullets1": "",
        "bullets2": "",
        "bullets3": "",
        "bulletsCount0": 0,
        "bulletsCount1": 0,
        "bulletsCount2": 0,
        "bulletsCount3": 0,
        "props": {
          "army": 1,
          "count": 1,
          "formation_type": "rows",
          "formation_div": 3,
          "formation_step": [2.5,2.0],
          "formation_noise": [0.1,0.1],
          "uniqueName": "",
          "attack_type": "fire_at_will",
          "unitReplacementType": "antiTankGun"
        },
        "way": []
      }
    },
    {
      "tankModels": {
        "name": "t1_antiTankGun07",
        "tm": [
          [0.987437,0.0,-0.158013],
          [0.0,1.0,0.0],
          [0.158013,0.0,0.987437],
          [3108.78,6.1483,3307.25]
        ],
        "unit_class": "germ_sdkfz_9_flak37",
        "objLayer": 1,
        "closed_waypoints": false,
        "isShipSpline": false,
        "shipTurnRadius": 100.0,
        "weapons": "",
        "bullets0": "",
        "bullets1": "",
        "bullets2": "",
        "bullets3": "",
        "bulletsCount0": 0,
        "bulletsCount1": 0,
        "bulletsCount2": 0,
        "bulletsCount3": 0,
        "props": {
          "army": 1,
          "count": 1,
          "formation_type": "rows",
          "formation_div": 3,
          "formation_step": [2.5,2.0],
          "formation_noise": [0.1,0.1],
          "uniqueName": "",
          "attack_type": "fire_at_will",
          "unitReplacementType": "antiTankGun"
        },
        "way": []
      }
    },
    {
      "tankModels": {
        "name": "t1_antiTankGun08",
        "tm": [
          [0.985194,0.0,0.171442],
          [0.0,1.0,0.0],
          [-0.171442,0.0,0.985194],
          [3083.57,6.22156,3306.81]
        ],
        "unit_class": "germ_sdkfz_9_flak37",
        "objLayer": 1,
        "closed_waypoints": false,
        "isShipSpline": false,
        "shipTurnRadius": 100.0,
        "weapons": "",
        "bullets0": "",
        "bullets1": "",
        "bullets2": "",
        "bullets3": "",
        "bulletsCount0": 0,
        "bulletsCount1": 0,
        "bulletsCount2": 0,
        "bulletsCount3": 0,
        "props": {
          "army": 1,
          "count": 1,
          "formation_type": "rows",
          "formation_div": 3,
          "formation_step": [2.5,2.0],
          "formation_noise": [0.1,0.1],
          "uniqueName": "",
          "attack_type": "fire_at_will",
          "unitReplacementType": "antiTankGun"
        },
        "way": []
      }
    },
    {
      "tankModels": {
        "name": "t1_antiTankGun09",
        "tm": [
          [0.935792,0.0,0.352552],
          [0.0,1.0,0.0],
          [-0.352552,0.0,0.935792],
          [3064.1,6.79209,3302.2]
        ],
        "unit_class": "germ_sdkfz_9_flak37",
        "objLayer": 1,
        "closed_waypoints": false,
        "isShipSpline": false,
        "shipTurnRadius": 100.0,
        "weapons": "",
        "bullets0": "",
        "bullets1": "",
        "bullets2": "",
        "bullets3": "",
        "bulletsCount0": 0,
        "bulletsCount1": 0,
        "bulletsCount2": 0,
        "bulletsCount3": 0,
        "props": {
          "army": 1,
          "count": 1,
          "formation_type": "rows",
          "formation_div": 3,
          "formation_step": [2.5,2.0],
          "formation_noise": [0.1,0.1],
          "uniqueName": "",
          "attack_type": "fire_at_will",
          "unitReplacementType": "antiTankGun"
        },
        "way": []
      }
    },
    {
      "tankModels": {
        "name": "t1_antiTankGun10",
        "tm": [
          [0.656913,0.0,-0.753965],
          [0.0,1.0,0.0],
          [0.753965,0.0,0.656913],
          [3049.35,6.91963,3313.87]
        ],
        "unit_class": "germ_sdkfz_9_flak37",
        "objLayer": 1,
        "closed_waypoints": false,
        "isShipSpline": false,
        "shipTurnRadius": 100.0,
        "weapons": "",
        "bullets0": "",
        "bullets1": "",
        "bullets2": "",
        "bullets3": "",
        "bulletsCount0": 0,
        "bulletsCount1": 0,
        "bulletsCount2": 0,
        "bulletsCount3": 0,
        "props": {
          "army": 1,
          "count": 1,
          "formation_type": "rows",
          "formation_div": 3,
          "formation_step": [2.5,2.0],
          "formation_noise": [0.1,0.1],
          "uniqueName": "",
          "attack_type": "fire_at_will",
          "unitReplacementType": "antiTankGun"
        },
        "way": []
      }
    },
    {
      "tankModels": {
        "name": "t1_antiTankGun11",
        "tm": [
          [-0.10661,0.0,0.994299],
          [0.0,1.0,0.0],
          [-0.994299,0.0,-0.10661],
          [3024.22,8.66165,3336.39]
        ],
        "unit_class": "germ_sdkfz_9_flak37",
        "objLayer": 1,
        "closed_waypoints": false,
        "isShipSpline": false,
        "shipTurnRadius": 100.0,
        "weapons": "",
        "bullets0": "",
        "bullets1": "",
        "bullets2": "",
        "bullets3": "",
        "bulletsCount0": 0,
        "bulletsCount1": 0,
        "bulletsCount2": 0,
        "bulletsCount3": 0,
        "props": {
          "army": 1,
          "count": 1,
          "formation_type": "rows",
          "formation_div": 3,
          "formation_step": [2.5,2.0],
          "formation_noise": [0.1,0.1],
          "uniqueName": "",
          "attack_type": "fire_at_will",
          "unitReplacementType": "antiTankGun"
        },
        "way": []
      }
    },
    {
      "tankModels": {
        "name": "t1_antiTankGun12",
        "tm": [
          [0.998645,0.0,-0.05204],
          [0.0,1.0,0.0],
          [0.05204,0.0,0.998645],
          [3011.72,7.44541,3349.05]
        ],
        "unit_class": "germ_sdkfz_9_flak37",
        "objLayer": 1,
        "closed_waypoints": false,
        "isShipSpline": false,
        "shipTurnRadius": 100.0,
        "weapons": "",
        "bullets0": "",
        "bullets1": "",
        "bullets2": "",
        "bullets3": "",
        "bulletsCount0": 0,
        "bulletsCount1": 0,
        "bulletsCount2": 0,
        "bulletsCount3": 0,
        "props": {
          "army": 1,
          "count": 1,
          "formation_type": "rows",
          "formation_div": 3,
          "formation_step": [2.5,2.0],
          "formation_noise": [0.1,0.1],
          "uniqueName": "",
          "attack_type": "fire_at_will",
          "unitReplacementType": "antiTankGun"
        },
        "way": []
      }
    },
    {
      "tankModels": {
        "name": "t1_antiTankGun13",
        "tm": [
          [0.865387,0.0,-0.501103],
          [0.0,1.0,0.0],
          [0.501103,0.0,0.865387],
          [2989.17,6.56903,3366.59]
        ],
        "unit_class": "germ_sdkfz_9_flak37",
        "objLayer": 1,
        "closed_waypoints": false,
        "isShipSpline": false,
        "shipTurnRadius": 100.0,
        "weapons": "",
        "bullets0": "",
        "bullets1": "",
        "bullets2": "",
        "bullets3": "",
        "bulletsCount0": 0,
        "bulletsCount1": 0,
        "bulletsCount2": 0,
        "bulletsCount3": 0,
        "props": {
          "army": 1,
          "count": 1,
          "formation_type": "rows",
          "formation_div": 3,
          "formation_step": [2.5,2.0],
          "formation_noise": [0.1,0.1],
          "uniqueName": "",
          "attack_type": "fire_at_will",
          "unitReplacementType": "antiTankGun"
        },
        "way": []
      }
    },
    {
      "tankModels": {
        "name": "t1_antiTankGun14",
        "tm": [
          [-0.996884,0.0,0.0788774],
          [0.0,1.0,0.0],
          [-0.0788774,0.0,-0.996884],
          [2971.33,6.71848,3368.87]
        ],
        "unit_class": "germ_sdkfz_9_flak37",
        "objLayer": 1,
        "closed_waypoints": false,
        "isShipSpline": false,
        "shipTurnRadius": 100.0,
        "weapons": "",
        "bullets0": "",
        "bullets1": "",
        "bullets2": "",
        "bullets3": "",
        "bulletsCount0": 0,
        "bulletsCount1": 0,
        "bulletsCount2": 0,
        "bulletsCount3": 0,
        "props": {
          "army": 1,
          "count": 1,
          "formation_type": "rows",
          "formation_div": 3,
          "formation_step": [2.5,2.0],
          "formation_noise": [0.1,0.1],
          "uniqueName": "",
          "attack_type": "fire_at_will",
          "unitReplacementType": "antiTankGun"
        },
        "way": []
      }
    },
    {
      "tankModels": {
        "name": "t1_antiTankGun15",
        "tm": [
          [-0.886513,0.0,0.462702],
          [0.0,1.0,0.0],
          [-0.462702,0.0,-0.886513],
          [2958.49,7.05841,3369.04]
        ],
        "unit_class": "germ_sdkfz_9_flak37",
        "objLayer": 1,
        "closed_waypoints": false,
        "isShipSpline": false,
        "shipTurnRadius": 100.0,
        "weapons": "",
        "bullets0": "",
        "bullets1": "",
        "bullets2": "",
        "bullets3": "",
        "bulletsCount0": 0,
        "bulletsCount1": 0,
        "bulletsCount2": 0,
        "bulletsCount3": 0,
        "props": {
          "army": 1,
          "count": 1,
          "formation_type": "rows",
          "formation_div": 3,
          "formation_step": [2.5,2.0],
          "formation_noise": [0.1,0.1],
          "uniqueName": "",
          "attack_type": "fire_at_will",
          "unitReplacementType": "antiTankGun"
        },
        "way": []
      }
    },
    {
      "tankModels": {
        "name": "t1_antiTankGun16",
        "tm": [
          [-0.660924,0.0,0.750453],
          [0.0,1.0,0.0],
          [-0.750453,0.0,-0.660924],
          [2937.72,7.8238,3367.0]
        ],
        "unit_class": "germ_sdkfz_9_flak37",
        "objLayer": 1,
        "closed_waypoints": false,
        "isShipSpline": false,
        "shipTurnRadius": 100.0,
        "weapons": "",
        "bullets0": "",
        "bullets1": "",
        "bullets2": "",
        "bullets3": "",
        "bulletsCount0": 0,
        "bulletsCount1": 0,
        "bulletsCount2": 0,
        "bulletsCount3": 0,
        "props": {
          "army": 1,
          "count": 1,
          "formation_type": "rows",
          "formation_div": 3,
          "formation_step": [2.5,2.0],
          "formation_noise": [0.1,0.1],
          "uniqueName": "",
          "attack_type": "fire_at_will",
          "unitReplacementType": "antiTankGun"
        },
        "way": []
      }
    },
    {
      "squad": {
        "name": "t1_zoneDef_sq",
        "tm": [
          [0.679097,0.0,-0.734049],
          [0.0,1.0,0.0],
          [0.734049,0.0,0.679097],
          [3054.34,6.69977,3497.48]
        ],
        "props": [
          {
            "squad_members": "t1_antiTankGun01"
          },
          {
            "squad_members": "t1_antiTankGun02"
          },
          {
            "squad_members": "t1_antiTankGun03"
          },
          {
            "squad_members": "t1_antiTankGun04"
          },
          {
            "squad_members": "t1_antiTankGun05"
          },
          {
            "squad_members": "t1_antiTankGun06"
          },
          {
            "squad_members": "t1_antiTankGun07"
          },
          {
            "squad_members": "t1_antiTankGun08"
          },
          {
            "squad_members": "t1_antiTankGun09"
          },
          {
            "squad_members": "t1_antiTankGun10"
          },
          {
            "squad_members": "t1_antiTankGun11"
          },
          {
            "squad_members": "t1_antiTankGun12"
          },
          {
            "squad_members": "t1_antiTankGun13"
          },
          {
            "squad_members": "t1_antiTankGun14"
          },
          {
            "squad_members": "t1_antiTankGun15"
          },
          {
            "squad_members": "t1_antiTankGun16"
          },
          {
            "squad_members": "t1_antiTankGun17"
          },
          {
            "squad_members": "t1_antiTankGun18"
          },
          {
            "squad_members": "t1_antiTankGun19"
          },
          {
            "squad_members": "t1_antiTankGun20"
          },
          {
            "squad_members": "t1_antiTankGun21"
          },
          {
            "squad_members": "t1_antiTankGun22"
          },
          {
            "squad_members": "t1_antiTankGun23"
          },
          {
            "squad_members": "t1_antiTankGun24"
          },
          {
            "squad_members": "t1_antiTankGun25"
          },
          {
            "squad_members": "t1_antiTankGun26"
          },
          {
            "squad_members": "t1_antiTankGun27"
          },
          {
            "squad_members": "t1_antiTankGun28"
          },
          {
            "squad_members": "t1_antiTankGun29"
          },
          {
            "squad_members": "t1_antiTankGun30"
          },
          {
            "squad_members": "t1_antiTankGun31"
          },
          {
            "squad_members": "t1_antiTankGun32"
          }
        ]
      }
    },
    {
      "squad": {
        "name": "t1_trench_sq",
        "tm": [
          [0.679097,0.0,-0.734049],
          [0.0,1.0,0.0],
          [0.734049,0.0,0.679097],
          [3091.71,8.48627,3481.75]
        ],
        "props": [
          {
            "squad_members": "t1_trench01"
          },
          {
            "squad_members": "t1_trench02"
          },
          {
            "squad_members": "t1_trench03"
          },
          {
            "squad_members": "t1_trench04"
          },
          {
            "squad_members": "t1_trench05"
          },
          {
            "squad_members": "t1_trench06"
          },
          {
            "squad_members": "t1_trench07"
          },
          {
            "squad_members": "t1_trench08"
          },
          {
            "squad_members": "t1_trench09"
          },
          {
            "squad_members": "t1_trench10"
          },
          {
            "squad_members": "t1_trench11"
          },
          {
            "squad_members": "t1_trench12"
          },
          {
            "squad_members": "t1_trench13"
          },
          {
            "squad_members": "t1_trench14"
          },
          {
            "squad_members": "t1_trench15"
          },
          {
            "squad_members": "t1_trench16"
          },
          {
            "squad_members": "t1_trench17"
          },
          {
            "squad_members": "t1_trench18"
          },
          {
            "squad_members": "t1_trench19"
          },
          {
            "squad_members": "t1_trench20"
          },
          {
            "squad_members": "t1_trench21"
          },
          {
            "squad_members": "t1_trench22"
          },
          {
            "squad_members": "t1_trench23"
          },
          {
            "squad_members": "t1_trench24"
          },
          {
            "squad_members": "t1_trench25"
          },
          {
            "squad_members": "t1_trench26"
          }
        ]
      }
    },
    {
      "objectGroups": {
        "name": "t1_trench14",
        "tm": [
          [0.872836,0.0,0.488014],
          [0.0,1.0,0.0],
          [-0.488014,0.0,0.872836],
          [2498.75,13.7983,3199.25]
        ],
        "unit_class": "det_trench_half_a_onground",
        "objLayer": 2,
        "props": {
          "army": 1,
          "active": true
        }
      }
    },
    {
      "objectGroups": {
        "name": "t1_trench15",
        "tm": [
          [0.768172,0.0,0.640242],
          [0.0,1.0,0.0],
          [-0.640242,0.0,0.768172],
          [2469.38,16.2351,3181.44]
        ],
        "unit_class": "det_trench_half_a_onground",
        "objLayer": 2,
        "props": {
          "army": 1,
          "active": true
        }
      }
    },
    {
      "objectGroups": {
        "name": "t1_trench16",
        "tm": [
          [0.995604,0.0,0.0936601],
          [0.0,1.0,0.0],
          [-0.0936601,0.0,0.995604],
          [2449.63,17.3752,3172.8]
        ],
        "unit_class": "det_trench_half_c_onground",
        "objLayer": 2,
        "props": {
          "army": 1,
          "active": true
        }
      }
    },
    {
      "objectGroups": {
        "name": "t1_trench17",
        "tm": [
          [0.851254,0.0,0.524754],
          [0.0,1.0,0.0],
          [-0.524754,0.0,0.851254],
          [2422.3,16.6303,3148.87]
        ],
        "unit_class": "det_trench_system_d_onground",
        "objLayer": 2,
        "props": {
          "army": 1,
          "active": true
        }
      }
    },
    {
      "objectGroups": {
        "name": "t1_trench18",
        "tm": [
          [0.952574,0.0,0.304306],
          [0.0,1.0,0.0],
          [-0.304306,0.0,0.952574],
          [2401.92,15.9675,3133.61]
        ],
        "unit_class": "det_trench_system_e_onground",
        "objLayer": 2,
        "props": {
          "army": 1,
          "active": true
        }
      }
    },
    {
      "objectGroups": {
        "name": "t1_trench19",
        "tm": [
          [0.741068,0.0,0.671429],
          [0.0,1.0,0.0],
          [-0.671429,0.0,0.741068],
          [2293.73,18.6194,3096.58]
        ],
        "unit_class": "det_trench_system_c_onground",
        "objLayer": 2,
        "props": {
          "army": 1,
          "active": true
        }
      }
    },
    {
      "objectGroups": {
        "name": "t1_trench20",
        "tm": [
          [0.959114,0.0,0.283018],
          [0.0,1.0,0.0],
          [-0.283018,0.0,0.959114],
          [2276.01,21.3132,3083.7]
        ],
        "unit_class": "det_trench_half_c_onground",
        "objLayer": 2,
        "props": {
          "army": 1,
          "active": true
        }
      }
    },
    {
      "objectGroups": {
        "name": "t1_trench21",
        "tm": [
          [0.950882,0.0,-0.309556],
          [0.0,1.0,0.0],
          [0.309556,0.0,0.950882],
          [2253.21,26.2915,3088.48]
        ],
        "unit_class": "det_trench_system_a_onground",
        "objLayer": 2,
        "props": {
          "army": 1,
          "active": true
        }
      }
    },
    {
      "objectGroups": {
        "name": "t1_trench22",
        "tm": [
          [0.923801,0.0,-0.382871],
          [0.0,1.0,0.0],
          [0.382871,0.0,0.923801],
          [2220.44,26.8797,3096.51]
        ],
        "unit_class": "det_trench_half_b_onground",
        "objLayer": 2,
        "props": {
          "army": 1,
          "active": true
        }
      }
    },
    {
      "objectGroups": {
        "name": "t1_trench23",
        "tm": [
          [0.977853,0.0,-0.209294],
          [0.0,1.0,0.0],
          [0.209294,0.0,0.977853],
          [2204.1,26.6816,3103.29]
        ],
        "unit_class": "det_trench_half_a_onground",
        "objLayer": 2,
        "props": {
          "army": 1,
          "active": true
        }
      }
    },
    {
      "objectGroups": {
        "name": "t1_trench24",
        "tm": [
          [0.984861,0.0,0.173341],
          [0.0,1.0,0.0],
          [-0.173341,0.0,0.984861],
          [2175.82,25.1278,3108.34]
        ],
        "unit_class": "det_trench_system_e_onground",
        "objLayer": 2,
        "props": {
          "army": 1,
          "active": true
        }
      }
    },
    {
      "objectGroups": {
        "name": "t1_trench25",
        "tm": [
          [0.984861,0.0,0.173341],
          [0.0,1.0,0.0],
          [-0.173341,0.0,0.984861],
          [2152.84,22.6685,3099.52]
        ],
        "unit_class": "det_trench_system_d_onground",
        "objLayer": 2,
        "props": {
          "army": 1,
          "active": true
        }
      }
    },
    {
      "objectGroups": {
        "name": "t1_trench26",
        "tm": [
          [0.936666,0.0,0.350224],
          [0.0,1.0,0.0],
          [-0.350224,0.0,0.936666],
          [2133.83,21.854,3089.84]
        ],
        "unit_class": "det_trench_half_c_onground",
        "objLayer": 2,
        "props": {
          "army": 1,
          "active": true
        }
      }
    },
    {
      "tankModels": {
        "name": "t1_antiTankGun17",
        "tm": [
          [0.065293,0.0,0.997865],
          [0.0,1.0,0.0],
          [-0.997865,0.0,0.065293],
          [2498.15,14.0042,3206.69]
        ],
        "unit_class": "germ_sdkfz_9_flak37",
        "objLayer": 1,
        "closed_waypoints": false,
        "isShipSpline": false,
        "shipTurnRadius": 100.0,
        "weapons": "",
        "bullets0": "",
        "bullets1": "",
        "bullets2": "",
        "bullets3": "",
        "bulletsCount0": 0,
        "bulletsCount1": 0,
        "bulletsCount2": 0,
        "bulletsCount3": 0,
        "props": {
          "army": 1,
          "count": 1,
          "formation_type": "rows",
          "formation_div": 3,
          "formation_step": [2.5,2.0],
          "formation_noise": [0.1,0.1],
          "uniqueName": "",
          "attack_type": "fire_at_will",
          "unitReplacementType": "antiTankGun"
        },
        "way": []
      }
    },
    {
      "tankModels": {
        "name": "t1_antiTankGun18",
        "tm": [
          [-0.77281,0.0,0.634636],
          [0.0,1.0,0.0],
          [-0.634636,0.0,-0.77281],
          [2491.43,14.6277,3202.82]
        ],
        "unit_class": "germ_sdkfz_9_flak37",
        "objLayer": 1,
        "closed_waypoints": false,
        "isShipSpline": false,
        "shipTurnRadius": 100.0,
        "weapons": "",
        "bullets0": "",
        "bullets1": "",
        "bullets2": "",
        "bullets3": "",
        "bulletsCount0": 0,
        "bulletsCount1": 0,
        "bulletsCount2": 0,
        "bulletsCount3": 0,
        "props": {
          "army": 1,
          "count": 1,
          "formation_type": "rows",
          "formation_div": 3,
          "formation_step": [2.5,2.0],
          "formation_noise": [0.1,0.1],
          "uniqueName": "",
          "attack_type": "fire_at_will",
          "unitReplacementType": "antiTankGun"
        },
        "way": []
      }
    },
    {
      "tankModels": {
        "name": "t1_antiTankGun19",
        "tm": [
