[
  {
    "fov": 70.0
  },
  {
    "objectSphereDefaultScreenAspectRatio": 1.1778
  },
  {
    "objectSphereViscosity": 0.333
  },
  {
    "objectSphereAirplaneYFactor": 0.65
  },
  {
    "objectSphereTankYFactor": 0.75
  },
  {
    "spheroidFov": [45.0,65.0]
  },
  {
    "cameraTargetPos": [0.0,1.77,0.0]
  },
  {
    "cameraRelativePos": [0.14,1.54,12.1]
  },
  {
    "yScale": 0.5
  },
  {
    "cameraPlanes": [1.0,13000.0]
  },
  {
    "fovRange": [50.0,90.0]
  },
  {
    "vertRange": [-30.0,85.0]
  },
  {
    "rotationSpeed": 90.0
  },
  {
    "vrotationSpeed": 90.0
  },
  {
    "defaultDir": [57.0,4.0]
  },
  {
    "passiveRotSpeed": 1.0
  },
  {
    "minCamAlt": 0.7
  },
  {
    "zoomSpeed": 40.0
  },
  {
    "shakeSpeed": 0.0
  },
  {
    "shakeRange": [0.0,0.0]
  },
  {
    "cursorSpeed": [100.0,100.0]
  },
  {
    "decalRotationSpeed": 90.0
  },
  {
    "decalScaleSpeed": 0.5
  },
  {
    "decalScaleRange": [0.1,3.0]
  },
  {
    "weather": "clear"
  },
  {
    "hqWeather": "good"
  },
  {
    "env": "night"
  },
  {
    "level": "levels/hangar_military_base_ny.bin"
  },
  {
    "defCameraTime": [5.0,10.0]
  },
  {
    "fadeTime": [0.6,0.4]
  },
  {
    "mouseRotationSpeed": 0.01
  },
  {
    "mouseZoomSpeed": 0.0001
  },
  {
    "mouseDecalRotSpeed": 0.0002
  },
  {
    "mouseDecalSizeSpeed": 0.001
  },
  {
    "dof_near_proc_cam_settings": [0.9,0.4,1.0]
  },
  {
    "dof_far_proc_cam_settings": [40.0,250.0,0.75]
  },
  {
    "dof_near_settings": [3.0,0.5,0.8]
  },
  {
    "dof_near_base_radius": 7.0
  },
  {
    "dof_far_settings_unzoom": [400.0,1400.0,0.5]
  },
  {
    "dof_far_settings_zoom": [40.0,120.0,0.6]
  },
  {
    "timeForMouselookCamera": 90.0
  },
  {
    "timeToIdle": 91.0
  },
  {
    "additionalHangarCameraBias": 0.13
  },
  {
    "fmGearsSpringsCoeffMul": 5.0
  },
  {
    "modelVerticalShift": 0.03
  },
  {
    "modelRotation": 60.0
  },
  {
    "modelPos": [2149.24,20.2137,-639.509]
  },
  {
    "unitPos": {
      "hangarPlace": "aircraft",
      "modelPos": [2189.7,17.7,-653.7],
      "modelRotation": 60.0,
      "unitOffset": [0.0,0.0,0.0]
    }
  },
  {
    "unitPos": {
      "hangarPlace": "tank",
      "modelPos": [2144.8,17.4,-624.9],
      "modelRotation": 75.8,
      "unitOffset": [0.0,1.0,0.0]
    }
  },
  {
    "unitPos": {
      "hangarPlace": "ship",
      "modelPos": [22.7,27.0,2162.7],
      "modelRotation": 80.0,
      "unitOffset": [0.0,1.0,0.0],
      "unitOnWater": true
    }
  },
  {
    "unitPos": {
      "hangarPlace": "hydroplane",
      "modelPos": [23.3,27.0,2168.1],
      "modelRotation": 80.0,
      "unitOffset": [0.0,1.0,0.0],
      "unitOnWater": true
    }
  },
  {
    "hangarEffects": [
      {
        "effect": "firework_large_single"
      },
      {
        "areaMin": [-2040.0,250.0,1780.0]
      },
      {
        "areaMax": [4200.0,600.0,200.0]
      },
      {
        "delay": [5.0,25.0]
      },
      {
        "checkHoliday": false
      },
      {
        "hangarEffect": {
          "effect": "firework_large_yellow_single",
          "areaMin": [-2040.0,250.0,1780.0],
          "areaMax": [4200.0,600.0,200.0],
          "delay": [5.0,50.0]
        }
      },
      {
        "hangarEffect": {
          "effect": "firework_large_red_single",
          "areaMin": [-2040.0,250.0,1780.0],
          "areaMax": [4200.0,600.0,200.0],
          "delay": [5.0,40.0]
        }
      },
      {
        "hangarEffect": {
          "effect": "firework_large_green_single",
          "areaMin": [-2040.0,250.0,1780.0],
          "areaMax": [4200.0,600.0,200.0],
          "delay": [5.0,50.0]
        }
      },
      {
        "hangarEffect": {
          "effect": "firework_large_blue_single",
          "areaMin": [-2040.0,250.0,1780.0],
          "areaMax": [4200.0,600.0,200.0],
          "delay": [5.0,40.0]
        }
      }
    ]
  },
  {
    "backgroundObject": {
      "res": "hangar_flag_usa_single_dynmodel",
      "tm": [
        [0.731353,0.0,0.681998],
        [0.0,1.0,0.0],
        [-0.681998,0.0,0.731353],
        [2180.95,34.8,-699.1]
      ],
      "tag": "country_usa"
    }
  },
  {
    "backgroundObject": {
      "res": "hangar_flag_usa_single_dynmodel",
      "tm": [
        [0.731353,0.0,0.681998],
        [0.0,1.0,0.0],
        [-0.681998,0.0,0.731353],
        [2140.6,34.8,-655.95]
      ],
      "tag": "country_usa"
    }
  },
  {
    "backgroundObject": {
      "res": "hangar_flag_usa_single_dynmodel",
      "tm": [
        [0.731353,0.0,0.681998],
        [0.0,1.0,0.0],
        [-0.681998,0.0,0.731353],
        [2100.85,34.8,-613.35]
      ],
      "tag": "country_usa"
    }
  },
  {
    "backgroundObject": {
      "res": "hangar_flag_usa_single_dynmodel",
      "tm": [
        [0.731353,0.0,0.681998],
        [0.0,1.0,0.0],
        [-0.681998,0.0,0.731353],
        [2136.37,33.5248,-721.864]
      ],
      "tag": "country_usa"
    }
  },
  {
    "backgroundObject": {
      "res": "hangar_flag_usa_single_dynmodel",
      "tm": [
        [0.731353,0.0,0.681998],
        [0.0,1.0,0.0],
        [-0.681998,0.0,0.731353],
        [2114.98,33.5248,-698.888]
      ],
      "tag": "country_usa"
    }
  },
  {
    "backgroundObject": {
      "res": "hangar_flag_usa_single_dynmodel",
      "tm": [
        [0.731353,0.0,0.681998],
        [0.0,1.0,0.0],
        [-0.681998,0.0,0.731353],
        [2096.62,33.5248,-679.341]
      ],
      "tag": "country_usa"
    }
  },
  {
    "backgroundObject": {
      "res": "hangar_flag_usa_single_dynmodel",
      "tm": [
        [0.731353,0.0,0.681998],
        [0.0,1.0,0.0],
        [-0.681998,0.0,0.731353],
        [2075.17,33.5248,-656.382]
      ],
      "tag": "country_usa"
    }
  },
  {
    "backgroundObject": {
      "res": "hangar_flag_usa_single_dynmodel",
      "tm": [
        [0.681998,0.0,-0.731353],
        [0.0,1.0,0.0],
        [0.731353,0.0,0.681998],
        [2106.81,28.8982,-601.858]
      ],
      "tag": "country_usa"
    }
  },
  {
    "backgroundObject": {
      "res": "hangar_flag_usa_single_dynmodel",
      "tm": [
        [0.731353,0.0,0.681998],
        [0.0,1.0,0.0],
        [-0.681998,0.0,0.731353],
        [2180.95,34.8,-699.1]
      ],
      "tag": "country_usa"
    }
  },
  {
    "backgroundObject": {
      "res": "hangar_flag_usa_single_dynmodel",
      "tm": [
        [0.731353,0.0,0.681998],
        [0.0,1.0,0.0],
        [-0.681998,0.0,0.731353],
        [2140.6,34.8,-655.95]
      ],
      "tag": "country_usa"
    }
  },
  {
    "backgroundObject": {
      "res": "hangar_flag_usa_single_dynmodel",
      "tm": [
        [0.731353,0.0,0.681998],
        [0.0,1.0,0.0],
        [-0.681998,0.0,0.731353],
        [2100.85,34.8,-613.35]
      ],
      "tag": "country_usa"
    }
  },
  {
    "backgroundObject": {
      "res": "hangar_flag_usa_single_dynmodel",
      "tm": [
        [0.731353,0.0,0.681998],
        [0.0,1.0,0.0],
        [-0.681998,0.0,0.731353],
        [2136.37,33.5248,-721.864]
      ],
      "tag": "country_usa"
    }
  },
  {
    "backgroundObject": {
      "res": "hangar_flag_usa_single_dynmodel",
      "tm": [
        [0.731353,0.0,0.681998],
        [0.0,1.0,0.0],
        [-0.681998,0.0,0.731353],
        [2114.98,33.5248,-698.888]
      ],
      "tag": "country_usa"
    }
  },
  {
    "backgroundObject": {
      "res": "hangar_flag_usa_single_dynmodel",
      "tm": [
        [0.731353,0.0,0.681998],
        [0.0,1.0,0.0],
        [-0.681998,0.0,0.731353],
        [2096.62,33.5248,-679.341]
      ],
      "tag": "country_usa"
    }
  },
  {
    "backgroundObject": {
      "res": "hangar_flag_usa_single_dynmodel",
      "tm": [
        [0.731353,0.0,0.681998],
        [0.0,1.0,0.0],
        [-0.681998,0.0,0.731353],
        [2075.17,33.5248,-656.382]
      ],
      "tag": "country_usa"
    }
  },
  {
    "backgroundObject": {
      "res": "hangar_flag_usa_single_dynmodel",
      "tm": [
        [0.681998,0.0,-0.731353],
        [0.0,1.0,0.0],
        [0.731353,0.0,0.681998],
        [2106.81,28.8982,-601.858]
      ],
      "tag": "country_usa"
    }
  },
  {
    "backgroundObject": {
      "res": "hangar_flag_germany_single_dynmodel",
      "tm": [
        [0.731353,0.0,0.681998],
        [0.0,1.0,0.0],
        [-0.681998,0.0,0.731353],
        [2180.95,34.8,-699.1]
      ],
      "tag": "country_germany"
    }
  },
  {
    "backgroundObject": {
      "res": "hangar_flag_germany_single_dynmodel",
      "tm": [
        [0.731353,0.0,0.681998],
        [0.0,1.0,0.0],
        [-0.681998,0.0,0.731353],
        [2140.6,34.8,-655.95]
      ],
      "tag": "country_germany"
    }
  },
  {
    "backgroundObject": {
      "res": "hangar_flag_germany_single_dynmodel",
      "tm": [
        [0.731353,0.0,0.681998],
        [0.0,1.0,0.0],
        [-0.681998,0.0,0.731353],
        [2100.85,34.8,-613.35]
      ],
      "tag": "country_germany"
    }
  },
  {
    "backgroundObject": {
      "res": "hangar_flag_germany_single_dynmodel",
      "tm": [
        [0.731353,0.0,0.681998],
        [0.0,1.0,0.0],
        [-0.681998,0.0,0.731353],
        [2136.37,33.5248,-721.864]
      ],
      "tag": "country_germany"
    }
  },
  {
    "backgroundObject": {
      "res": "hangar_flag_germany_single_dynmodel",
      "tm": [
        [0.731353,0.0,0.681998],
        [0.0,1.0,0.0],
        [-0.681998,0.0,0.731353],
        [2114.98,33.5248,-698.888]
      ],
      "tag": "country_germany"
    }
  },
  {
    "backgroundObject": {
      "res": "hangar_flag_germany_single_dynmodel",
      "tm": [
        [0.731353,0.0,0.681998],
        [0.0,1.0,0.0],
        [-0.681998,0.0,0.731353],
        [2096.62,33.5248,-679.341]
      ],
      "tag": "country_germany"
    }
  },
  {
    "backgroundObject": {
      "res": "hangar_flag_germany_single_dynmodel",
      "tm": [
        [0.731353,0.0,0.681998],
        [0.0,1.0,0.0],
        [-0.681998,0.0,0.731353],
        [2075.17,33.5248,-656.382]
      ],
      "tag": "country_germany"
    }
  },
  {
    "backgroundObject": {
      "res": "hangar_flag_germany_single_dynmodel",
      "tm": [
        [0.681998,0.0,-0.731353],
        [0.0,1.0,0.0],
        [0.731353,0.0,0.681998],
        [2106.81,28.8982,-601.858]
      ],
      "tag": "country_germany"
    }
  },
  {
    "backgroundObject": {
      "res": "hangar_flag_germany_single_dynmodel",
      "tm": [
        [0.731353,0.0,0.681998],
        [0.0,1.0,0.0],
        [-0.681998,0.0,0.731353],
        [2180.95,34.8,-699.1]
      ],
      "tag": "country_germany"
    }
  },
  {
    "backgroundObject": {
      "res": "hangar_flag_germany_single_dynmodel",
      "tm": [
        [0.731353,0.0,0.681998],
        [0.0,1.0,0.0],
        [-0.681998,0.0,0.731353],
        [2140.6,34.8,-655.95]
      ],
      "tag": "country_germany"
    }
  },
  {
    "backgroundObject": {
      "res": "hangar_flag_germany_single_dynmodel",
      "tm": [
        [0.731353,0.0,0.681998],
        [0.0,1.0,0.0],
        [-0.681998,0.0,0.731353],
        [2100.85,34.8,-613.35]
      ],
      "tag": "country_germany"
    }
  },
  {
    "backgroundObject": {
      "res": "hangar_flag_germany_single_dynmodel",
      "tm": [
        [0.731353,0.0,0.681998],
        [0.0,1.0,0.0],
        [-0.681998,0.0,0.731353],
        [2136.37,33.5248,-721.864]
      ],
      "tag": "country_germany"
    }
  },
  {
    "backgroundObject": {
      "res": "hangar_flag_germany_single_dynmodel",
      "tm": [
        [0.731353,0.0,0.681998],
        [0.0,1.0,0.0],
        [-0.681998,0.0,0.731353],
        [2114.98,33.5248,-698.888]
      ],
      "tag": "country_germany"
    }
  },
  {
    "backgroundObject": {
      "res": "hangar_flag_germany_single_dynmodel",
      "tm": [
        [0.731353,0.0,0.681998],
        [0.0,1.0,0.0],
        [-0.681998,0.0,0.731353],
        [2096.62,33.5248,-679.341]
      ],
      "tag": "country_germany"
    }
  },
  {
    "backgroundObject": {
      "res": "hangar_flag_germany_single_dynmodel",
      "tm": [
        [0.731353,0.0,0.681998],
        [0.0,1.0,0.0],
        [-0.681998,0.0,0.731353],
        [2075.17,33.5248,-656.382]
      ],
      "tag": "country_germany"
    }
  },
  {
    "backgroundObject": {
      "res": "hangar_flag_germany_single_dynmodel",
      "tm": [
        [0.681998,0.0,-0.731353],
        [0.0,1.0,0.0],
        [0.731353,0.0,0.681998],
        [2106.81,28.8982,-601.858]
      ],
      "tag": "country_germany"
    }
  },
  {
    "backgroundObject": {
      "res": "hangar_flag_germany_single_dynmodel",
      "tm": [
        [0.731353,0.0,0.681998],
        [0.0,1.0,0.0],
        [-0.681998,0.0,0.731353],
        [2180.95,34.8,-699.1]
      ],
      "tag": "country_italy"
    }
  },
  {
    "backgroundObject": {
      "res": "hangar_flag_germany_single_dynmodel",
      "tm": [
        [0.731353,0.0,0.681998],
        [0.0,1.0,0.0],
        [-0.681998,0.0,0.731353],
        [2140.6,34.8,-655.95]
      ],
      "tag": "country_italy"
    }
  },
  {
    "backgroundObject": {
      "res": "hangar_flag_germany_single_dynmodel",
      "tm": [
        [0.731353,0.0,0.681998],
        [0.0,1.0,0.0],
        [-0.681998,0.0,0.731353],
        [2100.85,34.8,-613.35]
      ],
      "tag": "country_italy"
    }
  },
  {
    "backgroundObject": {
      "res": "hangar_flag_germany_single_dynmodel",
      "tm": [
        [0.731353,0.0,0.681998],
        [0.0,1.0,0.0],
        [-0.681998,0.0,0.731353],
        [2136.37,33.5248,-721.864]
      ],
      "tag": "country_italy"
    }
  },
  {
    "backgroundObject": {
      "res": "hangar_flag_germany_single_dynmodel",
      "tm": [
        [0.731353,0.0,0.681998],
        [0.0,1.0,0.0],
        [-0.681998,0.0,0.731353],
        [2114.98,33.5248,-698.888]
      ],
      "tag": "country_italy"
    }
  },
  {
    "backgroundObject": {
      "res": "hangar_flag_germany_single_dynmodel",
      "tm": [
        [0.731353,0.0,0.681998],
        [0.0,1.0,0.0],
        [-0.681998,0.0,0.731353],
        [2096.62,33.5248,-679.341]
      ],
      "tag": "country_italy"
    }
  },
  {
    "backgroundObject": {
      "res": "hangar_flag_germany_single_dynmodel",
      "tm": [
        [0.731353,0.0,0.681998],
        [0.0,1.0,0.0],
        [-0.681998,0.0,0.731353],
        [2075.17,33.5248,-656.382]
      ],
      "tag": "country_italy"
    }
  },
  {
    "backgroundObject": {
      "res": "hangar_flag_germany_single_dynmodel",
      "tm": [
        [0.681998,0.0,-0.731353],
        [0.0,1.0,0.0],
        [0.731353,0.0,0.681998],
        [2106.81,28.8982,-601.858]
      ],
      "tag": "country_italy"
    }
  },
  {
    "backgroundObject": {
      "res": "hangar_flag_germany_single_dynmodel",
      "tm": [
        [0.731353,0.0,0.681998],
        [0.0,1.0,0.0],
        [-0.681998,0.0,0.731353],
        [2180.95,34.8,-699.1]
      ],
      "tag": "country_italy"
    }
  },
  {
    "backgroundObject": {
      "res": "hangar_flag_germany_single_dynmodel",
      "tm": [
        [0.731353,0.0,0.681998],
        [0.0,1.0,0.0],
        [-0.681998,0.0,0.731353],
        [2140.6,34.8,-655.95]
      ],
      "tag": "country_italy"
    }
  },
  {
    "backgroundObject": {
      "res": "hangar_flag_germany_single_dynmodel",
      "tm": [
        [0.731353,0.0,0.681998],
        [0.0,1.0,0.0],
        [-0.681998,0.0,0.731353],
        [2100.85,34.8,-613.35]
      ],
      "tag": "country_italy"
    }
  },
  {
    "backgroundObject": {
      "res": "hangar_flag_germany_single_dynmodel",
      "tm": [
        [0.731353,0.0,0.681998],
        [0.0,1.0,0.0],
        [-0.681998,0.0,0.731353],
        [2136.37,33.5248,-721.864]
      ],
      "tag": "country_italy"
    }
  },
  {
    "backgroundObject": {
      "res": "hangar_flag_germany_single_dynmodel",
      "tm": [
        [0.731353,0.0,0.681998],
        [0.0,1.0,0.0],
        [-0.681998,0.0,0.731353],
        [2114.98,33.5248,-698.888]
      ],
      "tag": "country_italy"
    }
  },
  {
    "backgroundObject": {
      "res": "hangar_flag_germany_single_dynmodel",
      "tm": [
        [0.731353,0.0,0.681998],
        [0.0,1.0,0.0],
        [-0.681998,0.0,0.731353],
        [2096.62,33.5248,-679.341]
      ],
      "tag": "country_italy"
    }
  },
  {
    "backgroundObject": {
      "res": "hangar_flag_germany_single_dynmodel",
      "tm": [
        [0.731353,0.0,0.681998],
        [0.0,1.0,0.0],
        [-0.681998,0.0,0.731353],
        [2075.17,33.5248,-656.382]
      ],
      "tag": "country_italy"
    }
  },
  {
    "backgroundObject": {
      "res": "hangar_flag_germany_single_dynmodel",
      "tm": [
        [0.681998,0.0,-0.731353],
        [0.0,1.0,0.0],
        [0.731353,0.0,0.681998],
        [2106.81,28.8982,-601.858]
      ],
      "tag": "country_italy"
    }
  },
  {
    "backgroundObject": {
      "res": "hangar_flag_china_single_dynmodel",
      "tm": [
        [0.731353,0.0,0.681998],
        [0.0,1.0,0.0],
        [-0.681998,0.0,0.731353],
        [2180.95,34.8,-699.1]
      ],
      "tag": "country_china"
    }
  },
  {
    "backgroundObject": {
      "res": "hangar_flag_china_single_dynmodel",
      "tm": [
        [0.731353,0.0,0.681998],
        [0.0,1.0,0.0],
        [-0.681998,0.0,0.731353],
        [2140.6,34.8,-655.95]
      ],
      "tag": "country_china"
    }
  },
  {
    "backgroundObject": {
      "res": "hangar_flag_china_single_dynmodel",
      "tm": [
        [0.731353,0.0,0.681998],
        [0.0,1.0,0.0],
        [-0.681998,0.0,0.731353],
        [2100.85,34.8,-613.35]
      ],
      "tag": "country_china"
    }
  },
  {
    "backgroundObject": {
      "res": "hangar_flag_china_single_dynmodel",
      "tm": [
        [0.731353,0.0,0.681998],
        [0.0,1.0,0.0],
        [-0.681998,0.0,0.731353],
        [2136.37,33.5248,-721.864]
      ],
      "tag": "country_china"
    }
  },
  {
    "backgroundObject": {
      "res": "hangar_flag_china_single_dynmodel",
      "tm": [
        [0.731353,0.0,0.681998],
        [0.0,1.0,0.0],
        [-0.681998,0.0,0.731353],
        [2114.98,33.5248,-698.888]
      ],
      "tag": "country_china"
    }
  },
  {
    "backgroundObject": {
      "res": "hangar_flag_china_single_dynmodel",
      "tm": [
        [0.731353,0.0,0.681998],
        [0.0,1.0,0.0],
        [-0.681998,0.0,0.731353],
        [2096.62,33.5248,-679.341]
      ],
      "tag": "country_china"
    }
  },
  {
    "backgroundObject": {
      "res": "hangar_flag_china_single_dynmodel",
      "tm": [
        [0.731353,0.0,0.681998],
        [0.0,1.0,0.0],
        [-0.681998,0.0,0.731353],
        [2075.17,33.5248,-656.382]
      ],
      "tag": "country_china"
    }
  },
  {
    "backgroundObject": {
      "res": "hangar_flag_china_single_dynmodel",
      "tm": [
        [0.681998,0.0,-0.731353],
        [0.0,1.0,0.0],
        [0.731353,0.0,0.681998],
        [2106.81,28.8982,-601.858]
      ],
      "tag": "country_china"
    }
  },
  {
    "backgroundObject": {
      "res": "hangar_flag_china_single_dynmodel",
      "tm": [
        [0.731353,0.0,0.681998],
        [0.0,1.0,0.0],
        [-0.681998,0.0,0.731353],
        [2180.95,34.8,-699.1]
      ],
      "tag": "country_china"
    }
  },
  {
    "backgroundObject": {
      "res": "hangar_flag_china_single_dynmodel",
      "tm": [
        [0.731353,0.0,0.681998],
        [0.0,1.0,0.0],
        [-0.681998,0.0,0.731353],
        [2140.6,34.8,-655.95]
      ],
      "tag": "country_china"
    }
  },
  {
    "backgroundObject": {
      "res": "hangar_flag_china_single_dynmodel",
      "tm": [
        [0.731353,0.0,0.681998],
        [0.0,1.0,0.0],
        [-0.681998,0.0,0.731353],
        [2100.85,34.8,-613.35]
      ],
      "tag": "country_china"
    }
  },
  {
    "backgroundObject": {
      "res": "hangar_flag_china_single_dynmodel",
      "tm": [
        [0.731353,0.0,0.681998],
        [0.0,1.0,0.0],
        [-0.681998,0.0,0.731353],
        [2136.37,33.5248,-721.864]
      ],
      "tag": "country_china"
    }
  },
  {
    "backgroundObject": {
      "res": "hangar_flag_china_single_dynmodel",
      "tm": [
        [0.731353,0.0,0.681998],
        [0.0,1.0,0.0],
        [-0.681998,0.0,0.731353],
        [2114.98,33.5248,-698.888]
      ],
      "tag": "country_china"
    }
  },
  {
    "backgroundObject": {
      "res": "hangar_flag_china_single_dynmodel",
      "tm": [
        [0.731353,0.0,0.681998],
        [0.0,1.0,0.0],
        [-0.681998,0.0,0.731353],
        [2096.62,33.5248,-679.341]
      ],
      "tag": "country_china"
    }
  },
  {
    "backgroundObject": {
      "res": "hangar_flag_china_single_dynmodel",
      "tm": [
        [0.731353,0.0,0.681998],
        [0.0,1.0,0.0],
        [-0.681998,0.0,0.731353],
        [2075.17,33.5248,-656.382]
      ],
      "tag": "country_china"
    }
  },
  {
    "backgroundObject": {
      "res": "hangar_flag_china_single_dynmodel",
      "tm": [
        [0.681998,0.0,-0.731353],
        [0.0,1.0,0.0],
        [0.731353,0.0,0.681998],
        [2106.81,28.8982,-601.858]
      ],
      "tag": "country_china"
    }
  },
  {
    "backgroundObject": {
      "res": "hangar_flag_ussr_single_dynmodel",
      "tm": [
        [0.731353,0.0,0.681998],
        [0.0,1.0,0.0],
        [-0.681998,0.0,0.731353],
        [2180.95,34.8,-699.1]
      ],
      "tag": "country_ussr"
    }
  },
  {
    "backgroundObject": {
      "res": "hangar_flag_ussr_single_dynmodel",
      "tm": [
        [0.731353,0.0,0.681998],
        [0.0,1.0,0.0],
        [-0.681998,0.0,0.731353],
        [2140.6,34.8,-655.95]
      ],
      "tag": "country_ussr"
    }
  },
  {
    "backgroundObject": {
      "res": "hangar_flag_ussr_single_dynmodel",
      "tm": [
        [0.731353,0.0,0.681998],
        [0.0,1.0,0.0],
        [-0.681998,0.0,0.731353],
        [2100.85,34.8,-613.35]
      ],
      "tag": "country_ussr"
    }
  },
  {
    "backgroundObject": {
      "res": "hangar_flag_ussr_single_dynmodel",
      "tm": [
        [0.731353,0.0,0.681998],
        [0.0,1.0,0.0],
        [-0.681998,0.0,0.731353],
        [2136.37,33.5248,-721.864]
      ],
      "tag": "country_ussr"
    }
  },
  {
    "backgroundObject": {
      "res": "hangar_flag_ussr_single_dynmodel",
      "tm": [
        [0.731353,0.0,0.681998],
        [0.0,1.0,0.0],
        [-0.681998,0.0,0.731353],
        [2114.98,33.5248,-698.888]
      ],
      "tag": "country_ussr"
    }
  },
  {
    "backgroundObject": {
      "res": "hangar_flag_ussr_single_dynmodel",
      "tm": [
        [0.731353,0.0,0.681998],
        [0.0,1.0,0.0],
        [-0.681998,0.0,0.731353],
        [2096.62,33.5248,-679.341]
      ],
      "tag": "country_ussr"
    }
  },
  {
    "backgroundObject": {
      "res": "hangar_flag_ussr_single_dynmodel",
      "tm": [
        [0.731353,0.0,0.681998],
        [0.0,1.0,0.0],
        [-0.681998,0.0,0.731353],
        [2075.17,33.5248,-656.382]
      ],
      "tag": "country_ussr"
    }
  },
  {
    "backgroundObject": {
      "res": "hangar_flag_ussr_single_dynmodel",
      "tm": [
        [0.681998,0.0,-0.731353],
        [0.0,1.0,0.0],
        [0.731353,0.0,0.681998],
        [2106.81,28.8982,-601.858]
      ],
      "tag": "country_ussr"
    }
  },
  {
    "backgroundObject": {
      "res": "hangar_flag_ussr_single_dynmodel",
      "tm": [
        [0.731353,0.0,0.681998],
        [0.0,1.0,0.0],
        [-0.681998,0.0,0.731353],
        [2180.95,34.8,-699.1]
      ],
      "tag": "country_ussr"
    }
  },
  {
    "backgroundObject": {
      "res": "hangar_flag_ussr_single_dynmodel",
      "tm": [
        [0.731353,0.0,0.681998],
        [0.0,1.0,0.0],
        [-0.681998,0.0,0.731353],
        [2140.6,34.8,-655.95]
      ],
      "tag": "country_ussr"
    }
  },
  {
    "backgroundObject": {
      "res": "hangar_flag_ussr_single_dynmodel",
      "tm": [
        [0.731353,0.0,0.681998],
        [0.0,1.0,0.0],
        [-0.681998,0.0,0.731353],
        [2100.85,34.8,-613.35]
      ],
      "tag": "country_ussr"
    }
  },
  {
    "backgroundObject": {
      "res": "hangar_flag_ussr_single_dynmodel",
      "tm": [
        [0.731353,0.0,0.681998],
        [0.0,1.0,0.0],
        [-0.681998,0.0,0.731353],
        [2136.37,33.5248,-721.864]
      ],
      "tag": "country_ussr"
    }
  },
  {
    "backgroundObject": {
      "res": "hangar_flag_ussr_single_dynmodel",
      "tm": [
        [0.731353,0.0,0.681998],
        [0.0,1.0,0.0],
        [-0.681998,0.0,0.731353],
        [2114.98,33.5248,-698.888]
      ],
      "tag": "country_ussr"
    }
  },
  {
    "backgroundObject": {
      "res": "hangar_flag_ussr_single_dynmodel",
      "tm": [
        [0.731353,0.0,0.681998],
        [0.0,1.0,0.0],
        [-0.681998,0.0,0.731353],
        [2096.62,33.5248,-679.341]
      ],
      "tag": "country_ussr"
    }
  },
  {
    "backgroundObject": {
      "res": "hangar_flag_ussr_single_dynmodel",
      "tm": [
        [0.731353,0.0,0.681998],
        [0.0,1.0,0.0],
        [-0.681998,0.0,0.731353],
        [2075.17,33.5248,-656.382]
      ],
      "tag": "country_ussr"
    }
  },
  {
    "backgroundObject": {
      "res": "hangar_flag_ussr_single_dynmodel",
      "tm": [
        [0.681998,0.0,-0.731353],
        [0.0,1.0,0.0],
        [0.731353,0.0,0.681998],
        [2106.81,28.8982,-601.858]
      ],
      "tag": "country_ussr"
    }
  },
  {
    "backgroundObject": {
      "res": "hangar_flag_japan_single_dynmodel",
      "tm": [
        [0.731353,0.0,0.681998],
        [0.0,1.0,0.0],
        [-0.681998,0.0,0.731353],
        [2180.95,34.8,-699.1]
      ],
      "tag": "country_japan"
    }
  },
  {
    "backgroundObject": {
      "res": "hangar_flag_japan_single_dynmodel",
      "tm": [
        [0.731353,0.0,0.681998],
        [0.0,1.0,0.0],
        [-0.681998,0.0,0.731353],
        [2140.6,34.8,-655.95]
      ],
      "tag": "country_japan"
    }
  },
  {
    "backgroundObject": {
      "res": "hangar_flag_japan_single_dynmodel",
      "tm": [
        [0.731353,0.0,0.681998],
        [0.0,1.0,0.0],
        [-0.681998,0.0,0.731353],
        [2100.85,34.8,-613.35]
      ],
      "tag": "country_japan"
    }
  },
  {
    "backgroundObject": {
      "res": "hangar_flag_japan_single_dynmodel",
      "tm": [
        [0.731353,0.0,0.681998],
        [0.0,1.0,0.0],
        [-0.681998,0.0,0.731353],
        [2136.37,33.5248,-721.864]
      ],
      "tag": "country_japan"
    }
  },
  {
    "backgroundObject": {
      "res": "hangar_flag_japan_single_dynmodel",
      "tm": [
        [0.731353,0.0,0.681998],
        [0.0,1.0,0.0],
        [-0.681998,0.0,0.731353],
        [2114.98,33.5248,-698.888]
      ],
      "tag": "country_japan"
    }
  },
  {
    "backgroundObject": {
      "res": "hangar_flag_japan_single_dynmodel",
      "tm": [
        [0.731353,0.0,0.681998],
        [0.0,1.0,0.0],
        [-0.681998,0.0,0.731353],
        [2096.62,33.5248,-679.341]
      ],
      "tag": "country_japan"
    }
  },
  {
    "backgroundObject": {
      "res": "hangar_flag_japan_single_dynmodel",
      "tm": [
        [0.731353,0.0,0.681998],
        [0.0,1.0,0.0],
        [-0.681998,0.0,0.731353],
        [2075.17,33.5248,-656.382]
      ],
      "tag": "country_japan"
    }
  },
  {
    "backgroundObject": {
      "res": "hangar_flag_japan_single_dynmodel",
      "tm": [
        [0.681998,0.0,-0.731353],
        [0.0,1.0,0.0],
        [0.731353,0.0,0.681998],
        [2106.81,28.8982,-601.858]
      ],
      "tag": "country_japan"
    }
  },
  {
    "backgroundObject": {
      "res": "hangar_flag_japan_single_dynmodel",
      "tm": [
        [0.731353,0.0,0.681998],
        [0.0,1.0,0.0],
        [-0.681998,0.0,0.731353],
        [2180.95,34.8,-699.1]
      ],
      "tag": "country_japan"
    }
  },
  {
    "backgroundObject": {
      "res": "hangar_flag_japan_single_dynmodel",
      "tm": [
        [0.731353,0.0,0.681998],
        [0.0,1.0,0.0],
        [-0.681998,0.0,0.731353],
        [2140.6,34.8,-655.95]
      ],
      "tag": "country_japan"
    }
  },
  {
    "backgroundObject": {
      "res": "hangar_flag_japan_single_dynmodel",
      "tm": [
        [0.731353,0.0,0.681998],
        [0.0,1.0,0.0],
        [-0.681998,0.0,0.731353],
        [2100.85,34.8,-613.35]
      ],
      "tag": "country_japan"
    }
  },
  {
    "backgroundObject": {
      "res": "hangar_flag_japan_single_dynmodel",
      "tm": [
        [0.731353,0.0,0.681998],
        [0.0,1.0,0.0],
        [-0.681998,0.0,0.731353],
        [2136.37,33.5248,-721.864]
      ],
      "tag": "country_japan"
    }
  },
  {
    "backgroundObject": {
      "res": "hangar_flag_japan_single_dynmodel",
      "tm": [
        [0.731353,0.0,0.681998],
        [0.0,1.0,0.0],
        [-0.681998,0.0,0.731353],
        [2114.98,33.5248,-698.888]
      ],
      "tag": "country_japan"
    }
  },
  {
    "backgroundObject": {
      "res": "hangar_flag_japan_single_dynmodel",
      "tm": [
        [0.731353,0.0,0.681998],
        [0.0,1.0,0.0],
        [-0.681998,0.0,0.731353],
        [2096.62,33.5248,-679.341]
      ],
      "tag": "country_japan"
    }
  },
  {
    "backgroundObject": {
      "res": "hangar_flag_japan_single_dynmodel",
      "tm": [
        [0.731353,0.0,0.681998],
        [0.0,1.0,0.0],
        [-0.681998,0.0,0.731353],
        [2075.17,33.5248,-656.382]
      ],
      "tag": "country_japan"
    }
  },
  {
    "backgroundObject": {
      "res": "hangar_flag_japan_single_dynmodel",
      "tm": [
        [0.681998,0.0,-0.731353],
        [0.0,1.0,0.0],
        [0.731353,0.0,0.681998],
        [2106.81,28.8982,-601.858]
      ],
      "tag": "country_japan"
    }
  },
  {
    "backgroundObject": {
      "res": "hangar_flag_britain_single_dynmodel",
      "tm": [
        [0.731353,0.0,0.681998],
        [0.0,1.0,0.0],
        [-0.681998,0.0,0.731353],
        [2180.95,34.8,-699.1]
      ],
      "tag": "country_britain"
    }
  },
  {
    "backgroundObject": {
      "res": "hangar_flag_britain_single_dynmodel",
      "tm": [
        [0.731353,0.0,0.681998],
        [0.0,1.0,0.0],
        [-0.681998,0.0,0.731353],
        [2140.6,34.8,-655.95]
      ],
      "tag": "country_britain"
    }
  },
  {
    "backgroundObject": {
      "res": "hangar_flag_britain_single_dynmodel",
      "tm": [
        [0.731353,0.0,0.681998],
        [0.0,1.0,0.0],
        [-0.681998,0.0,0.731353],
        [2100.85,34.8,-613.35]
      ],
      "tag": "country_britain"
    }
  },
  {
    "backgroundObject": {
      "res": "hangar_flag_britain_single_dynmodel",
      "tm": [
        [0.731353,0.0,0.681998],
        [0.0,1.0,0.0],
        [-0.681998,0.0,0.731353],
        [2136.37,33.5248,-721.864]
      ],
      "tag": "country_britain"
    }
  },
  {
    "backgroundObject": {
      "res": "hangar_flag_britain_single_dynmodel",
      "tm": [
        [0.731353,0.0,0.681998],
        [0.0,1.0,0.0],
        [-0.681998,0.0,0.731353],
        [2114.98,33.5248,-698.888]
      ],
      "tag": "country_britain"
    }
  },
  {
    "backgroundObject": {
      "res": "hangar_flag_britain_single_dynmodel",
      "tm": [
        [0.731353,0.0,0.681998],
        [0.0,1.0,0.0],
        [-0.681998,0.0,0.731353],
        [2096.62,33.5248,-679.341]
      ],
      "tag": "country_britain"
    }
  },
  {
    "backgroundObject": {
      "res": "hangar_flag_britain_single_dynmodel",
      "tm": [
        [0.731353,0.0,0.681998],
        [0.0,1.0,0.0],
        [-0.681998,0.0,0.731353],
        [2075.17,33.5248,-656.382]
      ],
      "tag": "country_britain"
    }
  },
  {
    "backgroundObject": {
      "res": "hangar_flag_britain_single_dynmodel",
      "tm": [
        [0.681998,0.0,-0.731353],
        [0.0,1.0,0.0],
        [0.731353,0.0,0.681998],
        [2106.81,28.8982,-601.858]
      ],
      "tag": "country_britain"
    }
  },
  {
    "backgroundObject": {
      "res": "hangar_flag_britain_single_dynmodel",
      "tm": [
        [0.731353,0.0,0.681998],
        [0.0,1.0,0.0],
        [-0.681998,0.0,0.731353],
        [2180.95,34.8,-699.1]
      ],
      "tag": "country_britain"
    }
  },
  {
    "backgroundObject": {
      "res": "hangar_flag_britain_single_dynmodel",
      "tm": [
        [0.731353,0.0,0.681998],
        [0.0,1.0,0.0],
        [-0.681998,0.0,0.731353],
        [2140.6,34.8,-655.95]
      ],
      "tag": "country_britain"
    }
  },
  {
    "backgroundObject": {
      "res": "hangar_flag_britain_single_dynmodel",
      "tm": [
        [0.731353,0.0,0.681998],
        [0.0,1.0,0.0],
        [-0.681998,0.0,0.731353],
        [2100.85,34.8,-613.35]
      ],
      "tag": "country_britain"
    }
  },
  {
    "backgroundObject": {
      "res": "hangar_flag_britain_single_dynmodel",
      "tm": [
        [0.731353,0.0,0.681998],
        [0.0,1.0,0.0],
        [-0.681998,0.0,0.731353],
        [2136.37,33.5248,-721.864]
      ],
      "tag": "country_britain"
    }
  },
  {
    "backgroundObject": {
      "res": "hangar_flag_britain_single_dynmodel",
      "tm": [
        [0.731353,0.0,0.681998],
        [0.0,1.0,0.0],
        [-0.681998,0.0,0.731353],
        [2114.98,33.5248,-698.888]
      ],
      "tag": "country_britain"
    }
  },
  {
    "backgroundObject": {
      "res": "hangar_flag_britain_single_dynmodel",
      "tm": [
        [0.731353,0.0,0.681998],
        [0.0,1.0,0.0],
        [-0.681998,0.0,0.731353],
        [2096.62,33.5248,-679.341]
      ],
      "tag": "country_britain"
    }
  },
  {
    "backgroundObject": {
      "res": "hangar_flag_britain_single_dynmodel",
      "tm": [
        [0.731353,0.0,0.681998],
        [0.0,1.0,0.0],
        [-0.681998,0.0,0.731353],
        [2075.17,33.5248,-656.382]
      ],
      "tag": "country_britain"
    }
  },
  {
    "backgroundObject": {
      "res": "hangar_flag_britain_single_dynmodel",
      "tm": [
        [0.681998,0.0,-0.731353],
        [0.0,1.0,0.0],
        [0.731353,0.0,0.681998],
        [2106.81,28.8982,-601.858]
      ],
      "tag": "country_britain"
    }
  },
  {
    "backgroundObject": {
      "res": "hangar_flag_britain_single_dynmodel",
      "tm": [
        [0.731353,0.0,0.681998],
        [0.0,1.0,0.0],
        [-0.681998,0.0,0.731353],
        [2180.95,34.8,-699.1]
      ],
      "tag": "country_australia"
    }
  },
  {
    "backgroundObject": {
      "res": "hangar_flag_britain_single_dynmodel",
      "tm": [
        [0.731353,0.0,0.681998],
        [0.0,1.0,0.0],
        [-0.681998,0.0,0.731353],
        [2140.6,34.8,-655.95]
      ],
      "tag": "country_australia"
    }
  },
  {
    "backgroundObject": {
      "res": "hangar_flag_britain_single_dynmodel",
      "tm": [
        [0.731353,0.0,0.681998],
        [0.0,1.0,0.0],
        [-0.681998,0.0,0.731353],
        [2100.85,34.8,-613.35]
      ],
      "tag": "country_australia"
    }
  },
  {
    "backgroundObject": {
      "res": "hangar_flag_britain_single_dynmodel",
      "tm": [
        [0.731353,0.0,0.681998],
        [0.0,1.0,0.0],
        [-0.681998,0.0,0.731353],
        [2136.37,33.5248,-721.864]
      ],
      "tag": "country_australia"
    }
  },
  {
    "backgroundObject": {
      "res": "hangar_flag_britain_single_dynmodel",
      "tm": [
        [0.731353,0.0,0.681998],
        [0.0,1.0,0.0],
        [-0.681998,0.0,0.731353],
        [2114.98,33.5248,-698.888]
      ],
      "tag": "country_australia"
    }
  },
  {
    "backgroundObject": {
      "res": "hangar_flag_britain_single_dynmodel",
      "tm": [
        [0.731353,0.0,0.681998],
        [0.0,1.0,0.0],
        [-0.681998,0.0,0.731353],
        [2096.62,33.5248,-679.341]
      ],
      "tag": "country_australia"
    }
  },
  {
    "backgroundObject": {
      "res": "hangar_flag_britain_single_dynmodel",
      "tm": [
        [0.731353,0.0,0.681998],
        [0.0,1.0,0.0],
        [-0.681998,0.0,0.731353],
        [2075.17,33.5248,-656.382]
      ],
      "tag": "country_australia"
    }
  },
  {
    "backgroundObject": {
      "res": "hangar_flag_britain_single_dynmodel",
      "tm": [
        [0.681998,0.0,-0.731353],
        [0.0,1.0,0.0],
        [0.731353,0.0,0.681998],
        [2106.81,28.8982,-601.858]
      ],
      "tag": "country_australia"
    }
  },
  {
    "backgroundObject": {
      "res": "hangar_flag_britain_single_dynmodel",
      "tm": [
        [0.731353,0.0,0.681998],
        [0.0,1.0,0.0],
        [-0.681998,0.0,0.731353],
        [2180.95,34.8,-699.1]
      ],
      "tag": "country_australia"
    }
  },
  {
    "backgroundObject": {
      "res": "hangar_flag_britain_single_dynmodel",
      "tm": [
        [0.731353,0.0,0.681998],
        [0.0,1.0,0.0],
        [-0.681998,0.0,0.731353],
        [2140.6,34.8,-655.95]
      ],
      "tag": "country_australia"
    }
  },
  {
    "backgroundObject": {
      "res": "hangar_flag_britain_single_dynmodel",
      "tm": [
        [0.731353,0.0,0.681998],
        [0.0,1.0,0.0],
        [-0.681998,0.0,0.731353],
        [2100.85,34.8,-613.35]
      ],
      "tag": "country_australia"
    }
  },
  {
    "backgroundObject": {
      "res": "hangar_flag_britain_single_dynmodel",
      "tm": [
        [0.731353,0.0,0.681998],
        [0.0,1.0,0.0],
        [-0.681998,0.0,0.731353],
        [2136.37,33.5248,-721.864]
      ],
      "tag": "country_australia"
    }
  },
  {
    "backgroundObject": {
      "res": "hangar_flag_britain_single_dynmodel",
      "tm": [
        [0.731353,0.0,0.681998],
        [0.0,1.0,0.0],
        [-0.681998,0.0,0.731353],
        [2114.98,33.5248,-698.888]
      ],
      "tag": "country_australia"
    }
  },
  {
    "backgroundObject": {
      "res": "hangar_flag_britain_single_dynmodel",
      "tm": [
        [0.731353,0.0,0.681998],
        [0.0,1.0,0.0],
        [-0.681998,0.0,0.731353],
        [2096.62,33.5248,-679.341]
      ],
      "tag": "country_australia"
    }
  },
  {
    "backgroundObject": {
      "res": "hangar_flag_britain_single_dynmodel",
      "tm": [
        [0.731353,0.0,0.681998],
        [0.0,1.0,0.0],
        [-0.681998,0.0,0.731353],
        [2075.17,33.5248,-656.382]
      ],
      "tag": "country_australia"
    }
  },
  {
    "backgroundObject": {
      "res": "hangar_flag_britain_single_dynmodel",
      "tm": [
        [0.681998,0.0,-0.731353],
        [0.0,1.0,0.0],
        [0.731353,0.0,0.681998],
        [2106.81,28.8982,-601.858]
      ],
      "tag": "country_australia"
    }
  },
  {
    "backgroundObject": {
      "res": "hangar_flag_britain_single_dynmodel",
      "tm": [
        [0.731353,0.0,0.681998],
